Date,Open,High,Low,Close,Volume,Adj Close
2015-01-23,14.43,14.43,13.90,13.99,19401300,13.99
2015-01-22,14.10,14.83,13.91,14.55,31614900,14.55
2015-01-21,14.01,14.40,14.01,14.25,31702400,14.25
2015-01-20,13.21,14.05,13.21,14.00,25394200,14.00
2015-01-19,13.20,13.60,12.70,13.25,14602100,13.25
2015-01-16,13.26,13.85,13.10,13.62,17488200,13.62
2015-01-15,13.20,13.25,13.02,13.23,6649300,13.23
2015-01-14,13.13,13.27,13.02,13.08,9301600,13.08
2015-01-13,12.86,13.17,12.86,13.08,8545800,13.08
2015-01-12,13.36,13.36,12.88,12.99,17433400,12.99
2015-01-09,13.80,14.15,13.38,13.49,23049200,13.49
2015-01-08,14.28,14.44,13.96,13.97,29200300,13.97
2015-01-07,14.45,14.59,14.00,14.29,19608400,14.29
2015-01-06,14.10,14.59,14.02,14.45,39513200,14.45
2015-01-05,14.02,14.15,13.99,14.01,30485800,14.01
2015-01-02,13.75,13.75,13.75,13.75,000,13.75
2015-01-01,13.75,13.75,13.75,13.75,000,13.75
2014-12-31,13.68,13.79,13.34,13.75,8598000,13.75
2014-12-30,13.71,13.89,13.27,13.82,12688900,13.82
2014-12-29,14.00,14.10,13.51,13.79,14423600,13.79
2014-12-26,13.92,14.10,13.70,13.83,18549400,13.83
2014-12-25,13.19,14.23,13.13,14.05,35569000,14.05
2014-12-24,12.46,13.11,12.36,13.10,20572700,13.10
2014-12-23,12.89,13.21,12.31,12.39,18491200,12.39
2014-12-22,14.25,14.25,12.98,12.98,32417900,12.98
2014-12-19,14.40,14.88,14.11,14.42,25086200,14.42
2014-12-18,14.35,14.83,14.21,14.47,21008100,14.47
2014-12-17,14.73,14.77,14.25,14.40,20778600,14.40
2014-12-16,14.56,14.84,14.56,14.70,18284700,14.70
2014-12-15,14.44,14.71,14.16,14.56,19869000,14.56
2014-12-12,15.13,15.35,14.70,14.82,22280300,14.82
2014-12-11,14.22,15.39,14.03,15.11,37995300,15.11
2014-12-10,13.98,14.50,13.64,14.26,31155900,14.26
2014-12-09,15.66,15.66,14.17,14.17,51561100,14.17
2014-12-08,15.20,15.99,14.93,15.74,68036600,15.74
2014-12-05,14.90,15.55,13.80,15.27,70444800,15.27
2014-12-04,14.69,15.19,14.61,14.79,28427800,14.79
2014-12-03,14.68,14.78,14.28,14.68,31970300,14.68
2014-12-02,14.60,14.84,14.37,14.73,39436000,14.73
2014-12-01,15.37,15.50,14.64,14.74,37628900,14.74
2014-11-28,14.89,16.20,14.88,15.27,56365900,15.27
2014-11-27,14.80,15.05,14.70,14.80,29658900,14.80
2014-11-26,14.90,15.08,14.66,14.74,29906100,14.74
2014-11-25,14.84,15.30,14.61,14.90,38322200,14.90
2014-11-24,15.15,15.15,14.52,14.78,36774600,14.78
2014-11-21,14.94,15.36,14.79,14.96,38393300,14.96
2014-11-20,14.56,15.18,14.51,14.92,28814700,14.92
2014-11-19,14.01,15.18,13.70,14.79,41606700,14.79
2014-11-18,14.00,14.18,13.83,14.00,10726300,14.00
2014-11-17,13.90,14.19,13.63,13.98,16135000,13.98
2014-11-14,13.52,14.03,13.30,13.70,18076100,13.70
2014-11-13,14.20,14.43,13.69,13.83,21391600,13.83
2014-11-12,13.72,14.25,13.72,14.07,22034400,14.07
2014-11-11,14.49,14.54,13.22,13.70,32939900,13.70
2014-11-10,14.55,14.64,14.07,14.46,25358700,14.46
2014-11-07,14.81,15.19,14.38,14.52,30523000,14.52
2014-11-06,14.79,14.98,14.41,14.90,27928600,14.90
2014-11-05,14.82,15.20,14.65,14.73,28094700,14.73
2014-11-04,14.92,15.30,14.53,14.99,49218300,14.99
2014-11-03,14.00,15.00,13.71,14.88,59436700,14.88
2014-10-31,14.07,14.58,13.70,14.02,46813200,14.02
2014-10-30,13.85,14.08,13.53,13.63,40054600,13.63
2014-10-29,14.16,14.74,13.86,13.92,62844700,13.92
2014-10-28,13.90,14.15,13.61,14.10,41029600,14.10
2014-10-27,13.35,14.12,13.08,13.86,44856500,13.86
2014-10-24,13.28,13.49,12.99,13.31,33805300,13.31
2014-10-23,12.60,13.77,12.60,13.52,63528400,13.52
2014-10-22,12.35,13.20,12.21,12.57,26504500,12.57
2014-10-21,12.31,12.78,12.20,12.31,26875500,12.31
2014-10-20,11.89,12.60,11.89,12.32,23185200,12.32
2014-10-17,12.25,12.39,11.54,11.87,24201200,11.87
2014-10-16,12.74,12.92,12.23,12.26,27687200,12.26
2014-10-15,13.17,13.19,12.72,12.92,22737300,12.92
2014-10-14,12.90,13.27,12.60,13.09,36046000,13.09
2014-10-13,12.84,13.27,12.48,12.96,29780800,12.96
2014-10-10,12.81,13.17,12.57,12.93,28961800,12.93
2014-10-09,13.08,13.16,12.55,12.92,34972000,12.92
2014-10-08,11.98,13.26,11.98,12.92,56575600,12.92
2014-10-07,12.05,12.05,12.05,12.05,000,12.05
2014-10-06,12.05,12.05,12.05,12.05,000,12.05
2014-10-03,12.05,12.05,12.05,12.05,000,12.05
2014-10-02,12.05,12.05,12.05,12.05,000,12.05
2014-10-01,12.05,12.05,12.05,12.05,000,12.05
2014-09-30,11.97,12.16,11.86,12.05,18934200,12.05
2014-09-29,12.20,12.26,11.93,11.96,23116600,11.96
2014-09-26,12.00,12.35,11.92,12.17,24989600,12.17
2014-09-25,12.40,12.65,11.91,12.05,39013300,12.05
2014-09-24,11.74,12.56,11.66,12.23,49172400,12.23
2014-09-23,11.29,11.97,11.29,11.94,31747400,11.94
2014-09-22,11.75,11.75,11.27,11.34,24957300,11.34
2014-09-19,11.28,11.78,11.24,11.76,39860100,11.76
2014-09-18,11.51,11.51,11.11,11.28,35186700,11.28
2014-09-17,11.90,11.98,11.30,11.60,48535000,11.60
2014-09-16,12.00,12.67,11.68,11.75,103153600,11.75
2014-09-15,10.75,11.85,10.74,11.85,67029100,11.85
2014-09-12,10.92,11.28,10.61,10.77,50745900,10.77
2014-09-11,10.18,10.34,10.01,10.25,27934200,10.25
2014-09-10,9.82,10.40,9.68,10.25,37089400,10.25
2014-09-09,9.88,10.04,9.78,9.85,18584800,9.85
2014-09-08,9.89,9.89,9.89,9.89,000,9.89
2014-09-05,9.86,9.95,9.73,9.89,18200300,9.89
2014-09-04,9.63,10.05,9.57,9.88,35292900,9.88
2014-09-03,9.70,9.72,9.52,9.62,20686700,9.62
2014-09-02,9.48,9.74,9.39,9.67,26113100,9.67
2014-09-01,9.25,9.48,9.24,9.48,11996300,9.48
2014-08-29,9.10,9.22,9.09,9.19,5855400,9.19
2014-08-28,9.29,9.30,9.05,9.06,8187300,9.06
2014-08-27,9.14,9.38,9.14,9.26,9808900,9.26
2014-08-26,9.35,9.42,9.09,9.15,11785600,9.15
2014-08-25,9.38,9.58,9.20,9.41,16310300,9.41
2014-08-22,9.34,9.41,9.29,9.38,8367500,9.38
2014-08-21,9.59,9.59,9.22,9.35,13693800,9.35
2014-08-20,9.49,9.62,9.44,9.51,12634800,9.51
2014-08-19,9.57,9.58,9.42,9.52,11193700,9.52
2014-08-18,9.45,9.57,9.43,9.57,11418000,9.57
2014-08-15,9.44,9.54,9.37,9.42,11514000,9.42
2014-08-14,9.65,9.68,9.35,9.38,18186800,9.38
2014-08-13,9.54,9.90,9.49,9.70,22150800,9.70
2014-08-12,9.54,9.65,9.43,9.60,15953500,9.60
2014-08-11,9.41,9.66,9.37,9.58,24337500,9.58
2014-08-08,9.00,9.83,9.00,9.48,39934200,9.48
2014-08-07,9.10,9.13,8.93,8.94,11331000,8.94
2014-08-06,9.21,9.24,9.03,9.11,12593100,9.11
2014-08-05,9.11,9.19,9.02,9.19,15146000,9.19
2014-08-04,8.90,9.15,8.80,9.09,15975900,9.09
2014-08-01,8.91,9.08,8.84,8.87,15605900,8.87
2014-07-31,8.93,8.99,8.85,8.97,9356400,8.97
2014-07-30,8.84,9.03,8.78,8.95,13211000,8.95
2014-07-29,8.79,8.93,8.75,8.85,12066100,8.85
2014-07-28,8.63,8.81,8.62,8.78,10884700,8.78
2014-07-25,8.55,8.63,8.50,8.61,7581600,8.61
2014-07-24,8.90,9.00,8.52,8.55,15319600,8.55
2014-07-23,8.91,9.08,8.81,8.93,10189300,8.93
2014-07-22,8.81,8.96,8.80,8.90,8409400,8.90
2014-07-21,8.79,8.88,8.63,8.81,7663000,8.81
2014-07-18,8.81,8.91,8.75,8.79,7146300,8.79
2014-07-17,8.90,8.97,8.76,8.86,8251900,8.86
2014-07-16,9.11,9.14,8.87,8.88,15205700,8.88
2014-07-15,9.21,9.46,8.99,9.18,18964000,9.18
2014-07-14,9.23,9.35,9.08,9.18,16227300,9.18
2014-07-11,8.97,9.39,8.92,9.26,22099700,9.26
2014-07-10,8.89,9.15,8.85,8.98,19906300,8.98
2014-07-09,8.72,9.49,8.63,8.92,35016500,8.92
2014-07-08,8.80,9.00,8.74,8.76,15179300,8.76
2014-07-07,8.52,8.83,8.52,8.79,13187600,8.79
2014-07-04,8.69,8.73,8.52,8.57,10317100,8.57
2014-07-03,8.78,8.84,8.65,8.70,11606700,8.70
2014-07-02,8.74,9.06,8.71,8.78,21014400,8.78
2014-07-01,8.88,8.89,8.66,8.74,13881900,8.74
2014-06-30,8.47,9.07,8.42,8.86,28347800,8.86
2014-06-27,8.51,8.53,8.39,8.43,11012200,8.43
2014-06-26,8.45,8.55,8.37,8.50,12690100,8.50
2014-06-25,8.60,8.60,8.31,8.45,13926000,8.45
2014-06-24,8.65,8.77,8.52,8.67,16512300,8.60
2014-06-23,8.70,8.79,8.54,8.66,18122200,8.59
2014-06-20,8.40,8.70,8.31,8.67,22650200,8.60
2014-06-19,8.20,8.66,8.16,8.52,36183100,8.45
2014-06-18,8.02,8.31,8.02,8.27,16818800,8.21
2014-06-17,8.12,8.14,8.00,8.03,4602000,7.97
2014-06-16,8.19,8.19,8.10,8.16,4611700,8.10
2014-06-13,8.10,8.17,8.05,8.15,5485200,8.09
2014-06-12,8.08,8.14,8.04,8.10,3952900,8.04
2014-06-11,8.00,8.13,7.97,8.10,4713700,8.04
2014-06-10,7.94,8.02,7.86,8.01,4182700,7.95
2014-06-09,8.02,8.06,7.93,7.93,2614100,7.87
2014-06-06,8.12,8.13,7.98,8.03,3754200,7.97
2014-06-05,8.00,8.12,8.00,8.11,4390200,8.05
2014-06-04,8.16,8.18,7.93,8.00,5921000,7.94
2014-06-03,8.20,8.28,8.13,8.17,8462500,8.11
2014-06-02,8.21,8.21,8.21,8.21,000,8.15
2014-05-30,7.99,8.30,7.88,8.21,12136800,8.15
2014-05-29,8.04,8.09,7.92,7.95,4029400,7.89
2014-05-28,8.01,8.09,7.95,8.04,3916600,7.98
2014-05-27,8.08,8.09,7.99,8.00,3569800,7.94
2014-05-26,8.00,8.11,7.94,8.10,5606200,8.04
2014-05-23,7.88,7.99,7.82,7.99,5383800,7.93
2014-05-22,7.82,7.90,7.78,7.87,4709400,7.81
2014-05-21,7.76,7.83,7.68,7.82,2750200,7.76
2014-05-20,7.89,7.91,7.70,7.76,5364300,7.70
2014-05-19,7.93,7.96,7.78,7.86,3135900,7.80
2014-05-16,7.88,7.94,7.80,7.91,3728000,7.85
2014-05-15,8.04,8.15,7.92,7.92,4511000,7.86
2014-05-14,8.15,8.15,8.03,8.04,2792100,7.98
2014-05-13,8.06,8.13,8.01,8.12,4087600,8.06
2014-05-12,8.00,8.08,7.93,8.06,4651900,8.00
2014-05-09,7.87,7.94,7.80,7.90,2753500,7.84
2014-05-08,7.83,8.02,7.81,7.87,3312500,7.81
2014-05-07,8.06,8.07,7.88,7.90,5400200,7.84
2014-05-06,8.05,8.22,8.03,8.13,6897500,8.07
2014-05-05,8.31,8.50,8.08,8.19,14517000,8.13
2014-05-02,7.89,7.89,7.89,7.89,000,7.83
2014-05-01,7.89,7.89,7.89,7.89,000,7.83
2014-04-30,7.76,7.94,7.76,7.89,2383300,7.83
2014-04-29,7.66,7.79,7.65,7.76,1916500,7.70
2014-04-28,7.80,7.88,7.57,7.67,4818300,7.61
2014-04-25,8.01,8.01,7.83,7.86,4451400,7.80
2014-04-24,8.00,8.07,7.96,7.98,3111000,7.92
2014-04-23,8.12,8.15,7.99,8.03,4042600,7.97
2014-04-22,8.27,8.28,7.93,8.13,12533900,8.07
2014-04-21,8.28,8.48,8.16,8.36,11853200,8.29
2014-04-18,8.33,8.38,8.26,8.29,4530000,8.23
2014-04-17,8.37,8.45,8.34,8.35,4677600,8.28
2014-04-16,8.36,8.45,8.30,8.38,6731400,8.31
2014-04-15,8.33,8.48,8.26,8.43,13534100,8.36
2014-04-14,8.23,8.33,8.23,8.31,6755100,8.25
2014-04-11,8.23,8.25,8.13,8.20,5114200,8.14
2014-04-10,8.25,8.28,8.19,8.24,7644200,8.18
2014-04-09,8.17,8.25,8.15,8.21,6362100,8.15
2014-04-08,7.98,8.23,7.88,8.18,9903200,8.12
2014-04-07,8.00,8.00,8.00,8.00,000,7.94
2014-04-04,7.88,8.03,7.85,8.00,3860000,7.94
2014-04-03,7.96,7.98,7.83,7.86,4384900,7.80
2014-04-02,7.99,8.01,7.88,7.94,3443200,7.88
2014-04-01,7.84,8.01,7.80,7.99,3393200,7.93
2014-03-31,7.83,7.94,7.77,7.86,3876600,7.80
2014-03-28,8.16,8.19,7.85,7.85,7884800,7.79
2014-03-27,8.25,8.33,8.15,8.20,9774000,8.14
2014-03-26,8.19,8.25,8.12,8.16,4555500,8.10
2014-03-25,8.14,8.21,8.11,8.14,5835700,8.08
2014-03-24,8.04,8.22,8.02,8.18,10500500,8.12
2014-03-21,7.81,8.07,7.73,8.04,8440300,7.98
2014-03-20,8.03,8.08,7.85,7.85,7137400,7.79
2014-03-19,8.10,8.11,7.88,8.03,8658700,7.97
2014-03-18,8.13,8.17,8.05,8.14,5783600,8.08
2014-03-17,8.00,8.13,7.96,8.13,6168700,8.07
2014-03-14,8.00,8.05,7.90,7.96,4089300,7.90
2014-03-13,7.92,8.08,7.89,8.06,5411900,8.00
2014-03-12,8.01,8.08,7.79,7.93,6032200,7.87
2014-03-11,8.10,8.18,7.85,8.04,7652800,7.98
2014-03-10,8.51,8.51,8.10,8.10,8486000,8.04
2014-03-07,8.48,8.65,8.43,8.48,6877000,8.41
2014-03-06,8.67,8.67,8.38,8.51,9183700,8.44
2014-03-05,8.78,8.81,8.67,8.68,9537700,8.61
2014-03-04,8.75,8.97,8.69,8.85,17065200,8.78
2014-03-03,8.50,8.70,8.48,8.66,9804800,8.59
2014-02-28,8.26,8.55,8.21,8.48,8920900,8.41
2014-02-27,8.52,8.65,8.20,8.27,10463500,8.21
2014-02-26,8.59,8.64,8.11,8.43,11661200,8.36
2014-02-25,8.91,9.17,8.56,8.67,21041200,8.60
2014-02-24,8.85,8.92,8.72,8.90,8733000,8.83
2014-02-21,8.73,8.93,8.70,8.92,10341500,8.85
2014-02-20,9.15,9.18,8.78,8.79,14086000,8.72
2014-02-19,9.15,9.21,9.04,9.10,12508100,9.03
2014-02-18,9.22,9.32,9.03,9.12,20877700,9.05
2014-02-17,9.25,9.59,9.18,9.23,36200600,9.16
2014-02-14,8.70,8.90,8.64,8.87,10647500,8.80
2014-02-13,9.02,9.03,8.71,8.72,16114300,8.65
2014-02-12,9.05,9.18,9.00,9.09,14838700,9.02
2014-02-11,9.21,9.22,8.92,9.02,21324900,8.95
2014-02-10,8.81,9.28,8.80,9.26,28064400,9.19
2014-02-07,8.57,8.86,8.51,8.83,15330000,8.76
2014-02-06,8.68,8.68,8.68,8.68,000,8.61
2014-02-05,8.68,8.68,8.68,8.68,000,8.61
2014-02-03,8.68,8.68,8.68,8.68,000,8.61
2014-01-31,8.68,8.68,8.68,8.68,000,8.61
2014-01-30,8.52,8.81,8.42,8.68,14171300,8.61
2014-01-29,8.45,8.63,8.43,8.51,9270900,8.44
2014-01-28,8.43,8.57,8.34,8.48,9655000,8.41
2014-01-27,8.30,8.63,8.26,8.59,15961200,8.52
2014-01-24,8.07,8.43,8.06,8.36,18187600,8.29
2014-01-23,8.03,8.15,7.92,8.10,10110700,8.04
2014-01-22,7.80,8.03,7.80,8.03,10429300,7.97
2014-01-21,7.67,7.87,7.67,7.81,7024700,7.75
2014-01-20,7.69,7.84,7.65,7.67,6866000,7.61
2014-01-17,7.83,7.84,7.64,7.70,6936800,7.64
2014-01-16,7.90,7.92,7.77,7.86,6550000,7.80
2014-01-15,7.80,7.97,7.75,7.88,7185100,7.82
2014-01-14,7.61,7.83,7.59,7.80,6151500,7.74
2014-01-13,7.61,7.73,7.56,7.63,5330100,7.57
2014-01-10,7.83,7.90,7.60,7.63,9261000,7.57
2014-01-09,8.15,8.20,7.82,7.85,10768600,7.79
2014-01-08,8.20,8.24,8.00,8.13,11196100,8.07
2014-01-07,8.14,8.25,8.11,8.19,5865900,8.13
2014-01-06,8.40,8.40,8.16,8.16,8751900,8.10
2014-01-03,8.57,8.58,8.37,8.47,9718800,8.40
2014-01-02,8.40,8.64,8.40,8.60,12672900,8.53
2014-01-01,8.47,8.47,8.47,8.47,000,8.40
2013-12-31,8.40,8.49,8.27,8.47,9607400,8.40
2013-12-30,8.43,8.52,8.38,8.44,8870700,8.37
2013-12-27,8.19,8.43,8.18,8.42,11489000,8.35
2013-12-26,8.53,8.55,8.16,8.18,12441200,8.12
2013-12-25,8.56,8.58,8.41,8.54,12213500,8.47
2013-12-24,8.55,8.73,8.38,8.60,19246300,8.53
2013-12-23,8.32,8.65,8.31,8.57,19935300,8.50
2013-12-20,8.32,8.48,8.26,8.34,12255500,8.28
2013-12-19,8.32,8.46,8.19,8.31,15422600,8.25
2013-12-18,8.30,8.40,8.20,8.24,8446800,8.18
2013-12-17,8.35,8.47,8.23,8.38,12606300,8.31
2013-12-16,8.60,8.66,8.30,8.30,15678700,8.24
2013-12-13,8.75,8.93,8.66,8.67,19060600,8.60
2013-12-12,8.61,8.70,8.52,8.59,9995900,8.52
2013-12-11,8.51,8.79,8.41,8.68,19709600,8.61
2013-12-10,8.73,8.81,8.50,8.57,16073000,8.50
2013-12-09,8.64,8.85,8.52,8.78,15006500,8.71
2013-12-06,8.61,8.77,8.49,8.55,15497100,8.48
2013-12-05,8.85,8.94,8.66,8.68,22020000,8.61
2013-12-04,8.54,8.86,8.49,8.73,26181100,8.66
2013-12-03,8.27,8.66,8.26,8.60,27874800,8.53
2013-12-02,9.10,9.17,8.61,8.61,34240500,8.54
2013-11-29,9.35,9.78,9.32,9.57,40994200,9.50
2013-11-28,9.60,9.78,9.46,9.47,38908400,9.40
2013-11-27,9.52,9.73,9.33,9.63,48718600,9.56
2013-11-26,9.60,9.90,9.40,9.55,51254900,9.48
2013-11-25,10.10,10.40,9.69,9.74,75250800,9.66
2013-11-22,9.97,10.18,9.51,9.95,113307200,9.87
2013-11-21,9.97,9.97,9.97,9.97,11672900,9.89
2013-11-20,9.06,9.06,9.06,9.06,7562200,8.99
2013-11-19,8.24,8.24,8.24,8.24,9155800,8.18
2013-11-18,7.18,7.78,7.13,7.49,12842800,7.43
2013-11-15,7.00,7.25,6.99,7.13,6167500,7.07
2013-11-14,6.82,7.00,6.70,6.98,2785600,6.93
2013-11-13,6.93,7.09,6.81,6.81,2740700,6.76
2013-11-12,6.90,6.94,6.82,6.93,2078200,6.88
2013-11-11,6.80,6.92,6.75,6.86,1853500,6.81
2013-11-08,7.01,7.07,6.79,6.80,3575700,6.75
2013-11-07,7.14,7.20,7.00,7.08,4687600,7.02
2013-11-06,7.04,7.26,7.02,7.14,5117100,7.08
2013-11-05,6.98,7.09,6.90,7.06,2296400,7.01
2013-11-04,7.00,7.13,6.96,7.06,2265100,7.01
2013-11-01,7.01,7.04,6.88,6.98,1696000,6.93
2013-10-31,7.03,7.08,6.98,7.00,2229300,6.95
2013-10-30,6.86,7.04,6.86,7.04,2560300,6.99
2013-10-29,7.07,7.14,6.68,6.87,5227400,6.82
2013-10-28,6.96,7.05,6.92,7.00,2143800,6.95
2013-10-25,7.21,7.21,6.92,6.96,3894100,6.91
2013-10-24,7.13,7.22,7.11,7.15,2189500,7.09
2013-10-23,7.38,7.41,7.15,7.16,5192400,7.10
2013-10-22,7.46,7.47,7.32,7.41,5350900,7.35
2013-10-21,7.37,7.47,7.27,7.46,7970100,7.40
2013-10-18,7.45,7.45,7.29,7.43,6125500,7.37
2013-10-17,7.43,7.52,7.30,7.45,6340000,7.39
2013-10-16,7.75,7.80,7.39,7.44,8210500,7.38
2013-10-15,8.00,8.02,7.75,7.75,6840900,7.69
2013-10-14,7.89,8.00,7.80,7.96,6416000,7.90
2013-10-11,7.75,7.86,7.74,7.82,4467700,7.76
2013-10-10,7.76,7.81,7.66,7.68,3417500,7.62
2013-10-09,7.71,7.86,7.65,7.81,5012000,7.75
2013-10-08,7.55,7.72,7.55,7.70,2971900,7.64
2013-10-07,7.61,7.61,7.61,7.61,000,7.55
2013-10-04,7.61,7.61,7.61,7.61,000,7.55
2013-10-03,7.61,7.61,7.61,7.61,000,7.55
2013-10-02,7.61,7.61,7.61,7.61,000,7.55
2013-10-01,7.61,7.61,7.61,7.61,000,7.55
2013-09-30,7.39,7.66,7.39,7.61,2610300,7.55
2013-09-27,7.42,7.52,7.38,7.41,1968500,7.35
2013-09-26,7.66,7.69,7.46,7.46,4097000,7.40
2013-09-25,7.76,7.95,7.67,7.72,5835100,7.66
2013-09-24,7.76,7.86,7.62,7.76,5249100,7.70
2013-09-23,7.34,7.76,7.34,7.75,9254800,7.69
2013-09-20,7.33,7.33,7.33,7.33,000,7.27
2013-09-18,7.26,7.35,7.24,7.33,2568600,7.27
2013-09-17,7.48,7.49,7.28,7.28,4572400,7.22
2013-09-16,7.63,7.63,7.42,7.49,3317500,7.43
2013-09-13,7.63,7.68,7.50,7.63,4332900,7.57
2013-09-12,7.67,7.67,7.56,7.61,4663000,7.55
2013-09-11,7.95,8.20,7.63,7.64,10903600,7.58
2013-09-10,7.73,7.98,7.65,7.91,10951400,7.85
2013-09-09,7.74,7.86,7.59,7.71,10444200,7.65
2013-09-06,7.68,7.75,7.57,7.74,7447700,7.68
2013-09-05,7.60,7.83,7.56,7.70,13121700,7.64
2013-09-04,7.33,7.73,7.30,7.69,16319900,7.63
2013-09-03,7.11,7.52,7.09,7.38,14147100,7.32
2013-09-02,7.19,7.29,6.98,7.12,7967000,7.06
2013-08-30,6.96,7.34,6.95,7.16,14881800,7.10
2013-08-29,7.03,7.07,6.89,7.00,7005900,6.95
2013-08-28,6.82,7.08,6.80,7.02,12268800,6.97
2013-08-27,6.73,6.98,6.73,6.87,6691100,6.82
2013-08-26,6.58,6.74,6.56,6.73,3186600,6.68
2013-08-23,6.71,6.75,6.49,6.59,3433100,6.54
2013-08-22,6.73,6.76,6.67,6.69,2760500,6.64
2013-08-21,6.75,6.77,6.64,6.73,3175400,6.68
2013-08-20,6.87,6.89,6.68,6.73,5142300,6.68
2013-08-19,6.70,7.00,6.69,6.83,4956400,6.78
2013-08-16,7.00,7.06,6.67,6.77,8448500,6.72
2013-08-15,7.08,7.14,6.83,6.92,7307700,6.87
2013-08-14,6.90,7.00,6.80,6.97,6450000,6.92
2013-08-13,6.82,6.94,6.75,6.90,4664000,6.85
2013-08-12,6.70,6.82,6.67,6.82,4357800,6.77
2013-08-09,6.70,6.75,6.60,6.71,3489400,6.66
2013-08-08,6.65,6.73,6.59,6.66,2750900,6.61
2013-08-07,6.68,6.71,6.62,6.65,3443800,6.60
2013-08-06,6.74,6.74,6.59,6.70,5096300,6.65
2013-08-05,6.73,6.78,6.67,6.75,5277600,6.70
2013-08-02,6.75,6.83,6.65,6.73,8052800,6.68
2013-08-01,6.53,6.79,6.51,6.73,9460600,6.68
2013-07-31,6.38,6.49,6.36,6.42,2584700,6.37
2013-07-30,6.35,6.43,6.19,6.40,2878500,6.35
2013-07-29,6.27,6.36,6.25,6.31,1934600,6.26
2013-07-26,6.31,6.37,6.23,6.33,2929900,6.28
2013-07-25,6.38,6.43,6.30,6.35,2858900,6.30
2013-07-24,6.42,6.45,6.25,6.38,3366500,6.33
2013-07-23,6.30,6.48,6.26,6.46,3411000,6.41
2013-07-22,6.13,6.30,6.11,6.30,2007700,6.25
2013-07-19,6.42,6.45,6.10,6.19,3088100,6.14
2013-07-18,6.51,6.52,6.35,6.42,3207900,6.37
2013-07-17,6.66,6.66,6.51,6.52,2849600,6.47
2013-07-16,6.68,6.68,6.48,6.66,3751800,6.61
2013-07-15,6.60,6.72,6.57,6.66,3188600,6.61
2013-07-12,6.58,6.85,6.56,6.62,8784300,6.57
2013-07-11,6.28,6.55,6.27,6.50,5129000,6.45
2013-07-10,6.07,6.28,6.06,6.28,2567700,6.23
2013-07-09,6.07,6.14,6.00,6.07,2063800,6.02
2013-07-08,6.34,6.34,6.04,6.07,2805700,6.02
2013-07-05,6.41,6.52,6.35,6.38,3182800,6.33
2013-07-04,6.25,6.47,6.20,6.39,3870600,6.34
2013-07-03,6.40,6.40,6.14,6.32,2791800,6.27
2013-07-02,6.36,6.44,6.23,6.43,2689600,6.38
2013-07-01,6.25,6.37,6.18,6.35,2374400,6.30
2013-06-28,6.23,6.40,6.12,6.23,2506000,6.18
2013-06-27,6.44,6.57,6.28,6.29,4102700,6.24
2013-06-26,6.30,6.41,6.12,6.41,3943700,6.36
2013-06-25,6.45,6.45,5.82,6.28,5476100,6.23
2013-06-24,6.98,6.98,6.42,6.47,3650200,6.42
2013-06-21,7.00,7.05,6.90,6.99,2840100,6.94
2013-06-20,7.34,7.35,7.08,7.11,2420800,7.05
2013-06-19,7.49,7.49,7.24,7.37,2414800,7.31
2013-06-18,7.52,7.54,7.40,7.50,2893900,7.40
2013-06-17,7.55,7.56,7.38,7.49,2364600,7.39
2013-06-14,7.45,7.55,7.43,7.51,2931700,7.41
2013-06-13,7.77,7.77,7.45,7.45,4093800,7.35
2013-06-12,7.83,7.83,7.83,7.83,000,7.72
2013-06-11,7.83,7.83,7.83,7.83,000,7.72
2013-06-10,7.83,7.83,7.83,7.83,000,7.72
2013-06-07,7.92,8.01,7.73,7.83,3043900,7.72
2013-06-06,8.02,8.07,7.93,7.94,2967500,7.83
2013-06-05,8.02,8.08,7.98,8.08,3001400,7.97
2013-06-04,8.18,8.22,7.99,8.03,5234900,7.92
2013-06-03,8.28,8.32,8.15,8.17,5270300,8.06
2013-05-31,8.48,8.55,8.28,8.29,7612000,8.18
2013-05-30,8.44,8.51,8.32,8.41,7964700,8.29
2013-05-29,8.50,8.52,8.34,8.44,10808400,8.32
2013-05-28,8.25,8.59,8.18,8.50,17787800,8.38
2013-05-27,8.18,8.40,8.17,8.24,13417900,8.13
2013-05-24,8.03,8.16,7.96,8.14,8954500,8.03
2013-05-23,8.00,8.16,7.90,7.92,8872000,7.81
2013-05-22,8.00,8.02,7.87,7.91,5161300,7.80
2013-05-21,7.90,8.04,7.85,8.00,6510600,7.89
2013-05-20,7.90,7.97,7.84,7.89,6010300,7.78
2013-05-17,7.78,7.91,7.72,7.88,6361900,7.77
2013-05-16,7.66,7.80,7.55,7.77,5068900,7.66
2013-05-15,7.61,7.73,7.59,7.70,2440600,7.59
2013-05-14,7.80,7.80,7.54,7.60,3757900,7.50
2013-05-13,7.65,7.79,7.65,7.79,5039500,7.68
2013-05-10,7.56,7.68,7.55,7.67,3685200,7.56
2013-05-09,7.62,7.62,7.51,7.56,2413300,7.46
2013-05-08,7.55,7.61,7.52,7.57,2500500,7.47
2013-05-07,7.61,7.61,7.50,7.55,2455400,7.45
2013-05-06,7.51,7.61,7.46,7.58,2581100,7.48
2013-05-03,7.38,7.53,7.38,7.48,2593200,7.38
2013-05-02,7.42,7.48,7.34,7.37,2258300,7.27
2013-05-01,7.45,7.45,7.45,7.45,000,7.35
2013-04-30,7.45,7.45,7.45,7.45,000,7.35
2013-04-29,7.45,7.45,7.45,7.45,000,7.35
2013-04-26,7.72,7.75,7.45,7.45,2716100,7.35
2013-04-25,7.90,7.90,7.70,7.71,3501400,7.60
2013-04-24,7.82,7.95,7.69,7.92,4731900,7.81
2013-04-23,7.90,7.91,7.72,7.80,3776700,7.69
2013-04-22,7.98,8.09,7.85,7.90,4854100,7.79
2013-04-19,7.64,7.82,7.64,7.79,3701800,7.68
2013-04-18,7.64,7.74,7.58,7.63,1712900,7.53
2013-04-17,7.64,7.69,7.58,7.69,1788600,7.58
2013-04-16,7.53,7.68,7.45,7.66,2403600,7.55
2013-04-15,7.68,7.68,7.51,7.58,2500500,7.48
2013-04-12,7.90,7.90,7.71,7.74,2669400,7.63
2013-04-11,7.83,8.09,7.79,7.95,6658900,7.84
2013-04-10,7.85,7.85,7.71,7.79,2240000,7.68
2013-04-09,7.68,7.88,7.66,7.84,3418800,7.73
2013-04-08,7.67,7.68,7.47,7.66,2691400,7.55
2013-04-05,7.77,7.77,7.77,7.77,000,7.66
2013-04-04,7.77,7.77,7.77,7.77,000,7.66
2013-04-03,7.77,7.85,7.64,7.77,2232200,7.66
2013-04-02,7.77,7.90,7.77,7.78,2606300,7.67
2013-04-01,7.68,7.85,7.68,7.77,2384300,7.66
2013-03-29,7.71,7.79,7.66,7.70,2166800,7.59
2013-03-28,7.98,7.99,7.65,7.68,4550100,7.57
2013-03-27,7.96,8.19,7.96,8.07,6308500,7.96
2013-03-26,7.99,8.09,7.87,8.03,3634200,7.92
2013-03-25,8.00,8.07,7.89,8.07,3237100,7.96
2013-03-22,8.03,8.04,7.89,7.99,2859900,7.88
2013-03-21,7.98,8.12,7.96,8.01,4918300,7.90
2013-03-20,7.76,8.00,7.74,7.99,5742800,7.88
2013-03-19,7.70,7.78,7.62,7.76,3079100,7.65
2013-03-18,7.88,7.94,7.60,7.70,5721600,7.59
2013-03-15,8.16,8.20,7.88,7.95,7325600,7.84
2013-03-14,8.26,8.35,8.11,8.13,3889100,8.02
2013-03-13,8.21,8.37,8.20,8.27,2907300,8.16
2013-03-12,8.50,8.59,8.15,8.27,6613900,8.16
2013-03-11,8.40,8.59,8.40,8.52,4051700,8.40
2013-03-08,8.57,8.61,8.45,8.48,4250100,8.36
2013-03-07,8.51,8.60,8.44,8.55,7289100,8.43
2013-03-06,8.32,8.64,8.28,8.59,11957200,8.47
2013-03-05,8.19,8.32,8.12,8.29,4858400,8.18
2013-03-04,8.50,8.50,8.11,8.21,7141400,8.10
2013-03-01,8.43,8.58,8.38,8.54,8996600,8.42
2013-02-28,8.39,8.44,8.27,8.42,5513500,8.30
2013-02-27,8.31,8.40,8.22,8.35,4017600,8.24
2013-02-26,8.35,8.45,8.23,8.29,5387400,8.18
2013-02-25,8.48,8.49,8.30,8.40,4697800,8.28
2013-02-22,8.36,8.57,8.33,8.40,4678500,8.28
2013-02-21,8.70,8.71,8.36,8.43,6633700,8.31
2013-02-20,8.30,8.60,8.30,8.60,5978300,8.48
2013-02-19,8.48,8.54,8.29,8.32,5442400,8.21
2013-02-18,8.40,8.48,8.37,8.46,5198600,8.34
2013-02-15,8.38,8.38,8.38,8.38,000,8.26
2013-02-14,8.38,8.38,8.38,8.38,000,8.26
2013-02-13,8.38,8.38,8.38,8.38,000,8.26
2013-02-12,8.38,8.38,8.38,8.38,000,8.26
2013-02-11,8.38,8.38,8.38,8.38,000,8.26
2013-02-08,8.35,8.43,8.32,8.38,5074000,8.26
2013-02-07,8.44,8.46,8.22,8.36,5467400,8.25
2013-02-06,8.50,8.54,8.41,8.42,4749700,8.30
2013-02-05,8.45,8.51,8.29,8.48,5453300,8.36
2013-02-04,8.41,8.60,8.34,8.50,8578200,8.38
2013-02-01,8.37,8.46,8.27,8.41,6348500,8.29
2013-01-31,8.43,8.48,8.26,8.35,4667900,8.24
2013-01-30,8.49,8.55,8.37,8.42,6981400,8.30
2013-01-29,8.49,8.55,8.37,8.49,7105900,8.37
2013-01-28,8.47,8.60,8.33,8.53,10788100,8.41
2013-01-25,8.30,8.42,8.22,8.24,5681300,8.13
2013-01-24,8.46,8.68,8.20,8.28,12138300,8.17
2013-01-23,8.43,8.63,8.38,8.55,9537200,8.43
2013-01-22,8.78,8.78,8.37,8.47,14790900,8.35
2013-01-21,8.95,9.00,8.58,8.81,38029000,8.69
2013-01-18,8.52,9.14,8.31,9.14,40077000,9.01
2013-01-17,8.40,8.41,8.06,8.31,15619900,8.20
2013-01-16,8.18,8.40,8.05,8.39,14980100,8.27
2013-01-15,8.26,8.54,8.09,8.19,20575300,8.08
2013-01-14,7.77,8.28,7.63,8.26,18395300,8.15
2013-01-11,7.78,8.04,7.73,7.77,13765900,7.66
2013-01-10,7.72,7.95,7.71,7.75,4332900,7.64
2013-01-09,7.73,7.86,7.68,7.75,5671000,7.64
2013-01-08,7.63,7.85,7.60,7.79,7431100,7.68
2013-01-07,7.56,7.71,7.51,7.65,4162100,7.54
2013-01-04,7.70,7.82,7.50,7.55,4435100,7.45
2013-01-03,7.68,7.68,7.68,7.68,000,7.57
2013-01-02,7.68,7.68,7.68,7.68,000,7.57
2013-01-01,7.68,7.68,7.68,7.68,000,7.57
2012-12-31,7.54,7.74,7.54,7.68,6404100,7.57
2012-12-28,7.55,7.60,7.42,7.58,5579100,7.48
2012-12-27,7.53,7.73,7.50,7.55,8884600,7.45
2012-12-26,7.51,7.56,7.41,7.54,5755200,7.44
2012-12-25,7.45,7.56,7.32,7.50,9228700,7.40
2012-12-24,7.45,7.50,7.30,7.40,7987400,7.30
2012-12-21,7.39,7.56,7.26,7.42,6154100,7.32
2012-12-20,7.40,7.47,7.24,7.37,4400700,7.27
2012-12-19,7.33,7.57,7.25,7.43,11227200,7.33
2012-12-18,7.26,7.42,7.19,7.40,7969700,7.30
2012-12-17,7.17,7.34,7.11,7.26,7592500,7.16
2012-12-14,6.89,7.19,6.89,7.17,5666300,7.07
2012-12-13,6.98,7.01,6.83,6.86,1811800,6.77
2012-12-12,7.05,7.10,6.92,6.99,3290600,6.89
2012-12-11,7.07,7.15,7.01,7.10,3349100,7.00
2012-12-10,6.97,7.12,6.96,7.10,3793600,7.00
2012-12-07,6.86,7.00,6.80,6.98,3291700,6.88
2012-12-06,6.92,7.07,6.80,6.86,3356700,6.77
2012-12-05,6.68,7.05,6.61,6.93,3459100,6.83
2012-12-04,6.61,6.75,6.45,6.71,2079300,6.62
2012-12-03,6.70,6.78,6.56,6.63,1628900,6.54
2012-11-30,6.63,6.76,6.63,6.73,1410700,6.64
2012-11-29,6.74,6.87,6.60,6.63,1358400,6.54
2012-11-28,6.91,6.97,6.71,6.72,2031100,6.63
2012-11-27,7.23,7.25,6.96,6.97,2243900,6.87
2012-11-26,7.29,7.31,7.21,7.23,1355000,7.13
2012-11-23,7.19,7.29,7.19,7.24,1558700,7.14
2012-11-22,7.25,7.37,7.21,7.23,2016700,7.13
2012-11-21,7.23,7.32,7.15,7.31,1950200,7.21
2012-11-20,7.28,7.30,7.18,7.22,1673800,7.12
2012-11-19,7.33,7.36,7.12,7.26,3083400,7.16
2012-11-16,7.40,7.40,7.15,7.27,3586500,7.17
2012-11-15,7.59,7.60,7.40,7.40,4090800,7.30
2012-11-14,7.52,7.77,7.52,7.68,4270200,7.57
2012-11-13,8.00,8.25,7.65,7.67,11876900,7.56
2012-11-12,7.56,7.68,7.52,7.67,2895600,7.56
2012-11-09,7.42,7.55,7.41,7.55,1736400,7.45
2012-11-08,7.63,7.65,7.40,7.44,2678500,7.34
2012-11-07,7.71,7.74,7.64,7.73,2022700,7.62
2012-11-06,7.80,7.81,7.56,7.67,1844900,7.56
2012-11-05,7.70,7.78,7.67,7.76,2285900,7.65
2012-11-02,7.71,7.75,7.64,7.72,2123200,7.61
2012-11-01,7.59,7.75,7.56,7.70,2476500,7.59
2012-10-31,7.56,7.63,7.53,7.58,1284100,7.48
2012-10-30,7.49,7.60,7.49,7.56,1321100,7.46
2012-10-29,7.51,7.55,7.40,7.48,1368600,7.38
2012-10-26,7.75,7.76,7.49,7.49,2816100,7.39
2012-10-25,7.76,7.86,7.68,7.76,3053000,7.65
2012-10-24,7.71,7.71,7.71,7.71,000,7.60
2012-10-23,7.78,7.84,7.71,7.71,2050700,7.60
2012-10-22,7.75,7.83,7.72,7.81,1842100,7.70
2012-10-19,7.85,7.85,7.74,7.82,2153300,7.71
2012-10-18,7.72,7.87,7.70,7.84,3424100,7.73
2012-10-17,7.65,7.73,7.59,7.72,2178700,7.61
2012-10-16,7.63,7.75,7.58,7.65,2061100,7.54
2012-10-15,7.59,7.69,7.57,7.61,1720100,7.51
2012-10-12,7.71,7.80,7.60,7.66,2509200,7.55
2012-10-11,7.88,7.88,7.70,7.70,3303300,7.59
2012-10-10,7.85,7.89,7.76,7.86,2903400,7.75
2012-10-09,7.68,7.88,7.68,7.85,3053300,7.74
2012-10-08,7.78,7.80,7.64,7.69,1968300,7.58
2012-10-05,7.73,7.73,7.73,7.73,000,7.62
2012-10-04,7.73,7.73,7.73,7.73,000,7.62
2012-10-03,7.73,7.73,7.73,7.73,000,7.62
2012-10-02,7.73,7.73,7.73,7.73,000,7.62
2012-10-01,7.73,7.73,7.73,7.73,000,7.62
2012-09-28,7.49,7.76,7.49,7.73,2782600,7.62
2012-09-27,7.40,7.64,7.36,7.56,2608500,7.46
2012-09-26,7.60,7.62,7.38,7.40,2591800,7.30
2012-09-25,7.65,7.71,7.59,7.60,2088000,7.50
2012-09-24,7.60,7.69,7.54,7.65,2299900,7.54
2012-09-21,7.76,7.76,7.50,7.60,4843000,7.50
2012-09-20,8.11,8.26,7.69,7.73,6086100,7.62
2012-09-19,8.11,8.17,8.06,8.10,2283200,7.99
2012-09-18,8.13,8.19,8.02,8.08,2993400,7.97
2012-09-17,8.25,8.33,8.09,8.10,5071600,7.99
2012-09-14,8.53,8.53,8.15,8.30,11095000,8.19
2012-09-13,8.34,8.80,8.23,8.54,21007000,8.42
2012-09-12,8.26,8.48,8.24,8.37,8466600,8.26
2012-09-11,8.43,8.53,8.23,8.29,10935200,8.18
2012-09-10,8.20,8.45,8.07,8.38,12770900,8.26
2012-09-07,7.85,8.28,7.82,8.11,9859200,8.00
2012-09-06,7.69,7.82,7.64,7.81,4321800,7.70
2012-09-05,7.58,7.91,7.55,7.70,3158900,7.59
2012-09-04,7.70,7.74,7.59,7.61,2390700,7.51
2012-09-03,7.64,7.73,7.56,7.70,2091400,7.59
2012-08-31,7.61,7.68,7.51,7.61,1568000,7.51
2012-08-30,7.69,7.73,7.41,7.61,3180800,7.51
2012-08-29,7.65,7.76,7.62,7.68,3190900,7.57
2012-08-28,7.60,7.80,7.60,7.67,3331000,7.56
2012-08-27,7.98,7.98,7.40,7.62,7415000,7.52
2012-08-24,8.22,8.53,8.11,8.11,13332500,8.00
2012-08-23,8.08,8.25,8.03,8.20,5514600,8.09
2012-08-22,8.03,8.19,7.99,8.10,5778600,7.99
2012-08-21,7.95,8.07,7.90,8.03,3258400,7.92
2012-08-20,7.91,7.95,7.80,7.90,2841700,7.79
2012-08-17,7.90,8.09,7.81,7.96,2831200,7.85
2012-08-16,8.00,8.00,7.85,7.91,2727600,7.80
2012-08-15,8.09,8.20,8.02,8.04,3648700,7.93
2012-08-14,7.95,8.15,7.80,8.12,4650100,8.01
2012-08-13,8.11,8.19,7.94,7.96,3407700,7.85
2012-08-10,8.18,8.21,8.07,8.12,3971500,8.01
2012-08-09,8.08,8.24,8.04,8.22,5101300,8.11
2012-08-08,8.18,8.19,8.03,8.10,4617800,7.99
2012-08-07,8.07,8.29,8.02,8.20,6193700,8.09
2012-08-06,7.85,8.08,7.80,8.06,4272700,7.95
2012-08-03,7.73,7.91,7.68,7.90,3686000,7.79
2012-08-02,7.79,7.85,7.64,7.73,3311000,7.62
2012-08-01,7.73,7.89,7.73,7.83,3257100,7.72
2012-07-31,7.99,7.99,7.68,7.72,4045700,7.61
2012-07-30,8.18,8.24,7.93,7.99,4166800,7.88
2012-07-27,8.29,8.35,8.13,8.16,4607300,8.05
2012-07-26,8.40,8.54,8.25,8.29,6813700,8.18
2012-07-25,8.24,8.73,8.13,8.51,13255700,8.39
2012-07-24,8.10,8.34,8.09,8.22,4484700,8.11
2012-07-23,8.22,8.46,8.02,8.26,6273200,8.15
2012-07-20,8.28,8.50,8.17,8.25,7433700,8.14
2012-07-19,8.20,8.35,8.15,8.26,6602300,8.15
2012-07-18,8.03,8.27,7.94,8.25,6953500,8.14
2012-07-17,7.96,8.18,7.87,8.06,4429200,7.95
2012-07-16,8.57,8.57,7.92,7.96,9810600,7.85
2012-07-13,8.65,8.77,8.60,8.62,7473200,8.50
2012-07-12,8.42,8.68,8.36,8.68,7672500,8.56
2012-07-11,8.45,8.57,8.24,8.44,5674900,8.32
2012-07-10,8.69,8.77,8.35,8.43,8640600,8.31
2012-07-09,8.95,9.14,8.74,8.76,11336700,8.64
2012-07-06,8.76,9.04,8.67,8.99,9359700,8.87
2012-07-05,8.84,8.88,8.61,8.67,7912800,8.55
2012-07-04,9.07,9.10,8.74,8.95,10762700,8.83
2012-07-03,8.76,9.28,8.75,9.03,19697000,8.91
2012-07-02,8.69,8.92,8.61,8.80,12234800,8.68
2012-06-29,8.62,8.76,8.42,8.67,13117300,8.55
2012-06-28,9.00,9.04,8.66,8.66,16482900,8.54
2012-06-27,9.00,9.35,8.91,9.02,31772200,8.90
2012-06-26,8.18,9.09,8.11,9.09,34271500,8.97
2012-06-25,8.61,8.82,8.25,8.26,7218500,8.15
2012-06-22,8.22,8.22,8.22,8.22,000,8.11
2012-06-21,8.40,8.40,8.18,8.22,2964600,8.11
2012-06-20,8.52,8.52,8.42,8.44,1734600,8.32
2012-06-19,8.52,8.57,8.40,8.42,2720600,8.30
2012-06-18,8.49,8.68,8.46,8.57,4953300,8.45
2012-06-15,8.47,8.52,8.31,8.41,3170300,8.29
2012-06-14,8.58,8.62,8.40,8.44,5239600,8.32
2012-06-13,8.68,8.69,8.46,8.58,6338200,8.46
2012-06-12,8.43,8.60,8.30,8.53,6359300,8.41
2012-06-11,8.22,8.43,8.22,8.41,3305600,8.29
2012-06-08,8.39,8.40,8.15,8.25,4124300,8.14
2012-06-07,8.49,8.52,8.24,8.30,3862200,8.14
2012-06-06,8.51,8.56,8.33,8.39,4374500,8.23
2012-06-05,8.43,8.78,8.30,8.53,7396100,8.37
2012-06-04,8.80,8.80,8.35,8.43,12140700,8.27
2012-06-01,8.99,9.08,8.90,8.95,4666700,8.78
2012-05-31,9.06,9.11,8.97,8.99,6378400,8.82
2012-05-30,9.19,9.23,9.06,9.11,7436900,8.94
2012-05-29,9.16,9.29,9.04,9.21,11417600,9.03
2012-05-28,8.90,9.15,8.78,9.15,10272900,8.98
2012-05-25,8.82,9.04,8.82,8.92,5576800,8.75
2012-05-24,9.01,9.14,8.89,8.91,8138500,8.74
2012-05-23,9.06,9.12,8.76,8.91,10545200,8.74
2012-05-22,8.90,9.06,8.87,9.05,7378900,8.88
2012-05-21,8.78,9.00,8.78,8.84,6135700,8.67
2012-05-18,9.23,9.35,8.80,8.82,12968400,8.65
2012-05-17,9.19,9.35,9.12,9.28,10099500,9.10
2012-05-16,9.25,9.37,9.15,9.18,9786700,9.00
2012-05-15,9.14,9.29,9.01,9.28,11110000,9.10
2012-05-14,9.55,9.59,9.20,9.26,12086300,9.08
2012-05-11,9.78,9.89,9.41,9.46,16144800,9.28
2012-05-10,9.90,9.90,9.90,9.90,000,9.71
2012-05-09,9.80,10.23,9.67,9.90,25648600,9.71
2012-05-08,9.63,10.24,9.62,9.93,29225600,9.74
2012-05-07,9.30,9.48,9.24,9.48,9696000,9.30
2012-05-04,9.42,9.64,9.34,9.35,17857100,9.17
2012-05-03,9.30,9.47,9.23,9.45,15543700,9.27
2012-05-02,9.03,9.43,8.95,9.38,22428800,9.20
2012-05-01,8.87,8.87,8.87,8.87,000,8.70
2012-04-30,8.87,8.87,8.87,8.87,000,8.70
2012-04-27,8.83,8.98,8.71,8.87,6533800,8.70
2012-04-26,9.03,9.05,8.78,8.82,9912800,8.65
2012-04-25,8.95,9.12,8.71,9.01,11178400,8.84
2012-04-24,9.15,9.31,8.58,8.98,19382500,8.81
2012-04-23,9.15,9.47,9.12,9.30,23215300,9.12
2012-04-20,9.00,9.18,8.93,9.13,15923400,8.96
2012-04-19,8.76,9.25,8.71,9.08,21933600,8.91
2012-04-18,8.65,8.88,8.59,8.83,11809500,8.66
2012-04-17,8.89,8.92,8.57,8.57,12491100,8.41
2012-04-16,8.79,9.05,8.70,8.94,12905000,8.77
2012-04-13,9.12,9.18,8.87,8.91,18357300,8.74
2012-04-12,8.96,8.96,8.96,8.96,000,8.79
2012-04-11,9.10,9.16,8.85,8.96,21954200,8.79
2012-04-10,8.77,9.39,8.65,9.31,28248900,9.13
2012-04-09,8.90,9.15,8.73,8.89,16595000,8.72
2012-04-06,9.00,9.11,8.86,8.97,20262800,8.80
2012-04-05,8.89,9.35,8.70,9.20,32499500,9.02
2012-04-04,9.02,9.02,9.02,9.02,000,8.85
2012-04-03,9.02,9.02,9.02,9.02,000,8.85
2012-04-02,9.02,9.02,9.02,9.02,000,8.85
2012-03-30,8.50,9.36,8.47,9.02,39617700,8.85
2012-03-29,8.30,8.74,8.00,8.63,26600100,8.47
2012-03-28,8.35,8.76,8.32,8.56,37191300,8.40
2012-03-27,7.89,8.59,7.84,8.45,21625900,8.29
2012-03-26,7.95,7.95,7.72,7.81,2968300,7.66
2012-03-23,8.06,8.06,7.82,7.90,4141600,7.75
2012-03-22,8.04,8.14,8.03,8.08,6341800,7.93
2012-03-21,7.94,8.04,7.86,8.01,4682800,7.86
2012-03-20,8.09,8.09,7.85,7.91,6602600,7.76
2012-03-19,8.04,8.16,7.97,8.15,6722700,7.99
2012-03-16,7.89,8.03,7.85,8.03,6189000,7.88
2012-03-15,8.19,8.20,7.81,7.88,8147600,7.73
2012-03-14,8.72,8.83,8.10,8.15,14661800,7.99
2012-03-13,8.72,8.75,8.58,8.70,10856000,8.53
2012-03-12,8.69,8.77,8.55,8.76,9676100,8.59
2012-03-09,8.88,8.88,8.59,8.70,8638300,8.53
2012-03-08,8.70,8.72,8.53,8.65,8698800,8.48
2012-03-07,8.61,8.91,8.56,8.68,12161300,8.51
2012-03-06,8.68,8.87,8.60,8.74,25791100,8.57
2012-03-05,8.41,8.79,8.40,8.61,22529100,8.45
2012-03-02,8.18,8.41,8.16,8.39,11578200,8.23
2012-03-01,8.09,8.25,8.08,8.18,8459800,8.02
2012-02-29,8.07,8.23,7.97,8.14,7039700,7.98
2012-02-28,8.22,8.23,8.05,8.11,6432600,7.96
2012-02-27,8.26,8.42,8.21,8.25,11985500,8.09
2012-02-24,8.10,8.27,8.09,8.24,11142600,8.08
2012-02-23,8.15,8.23,8.03,8.14,8367700,7.98
2012-02-22,8.01,8.20,7.98,8.18,8115400,8.02
2012-02-21,8.02,8.08,7.80,8.03,5560600,7.88
2012-02-20,8.14,8.18,8.02,8.06,6242700,7.91
2012-02-17,8.06,8.19,8.00,8.06,6496000,7.91
2012-02-16,7.97,8.08,7.91,8.06,7468600,7.91
2012-02-15,7.86,8.02,7.74,8.00,7076300,7.85
2012-02-14,7.93,7.94,7.81,7.90,4530200,7.75
2012-02-13,7.73,7.95,7.63,7.86,5541600,7.71
2012-02-10,7.81,7.92,7.70,7.78,5836300,7.63
2012-02-09,7.83,8.01,7.76,7.86,8548800,7.71
2012-02-08,7.62,7.86,7.58,7.86,8305800,7.71
2012-02-07,7.52,7.75,7.50,7.72,8900000,7.57
2012-02-06,7.62,7.63,7.51,7.58,4564000,7.44
2012-02-03,7.40,7.64,7.36,7.59,5118400,7.45
2012-02-02,7.30,7.44,7.20,7.43,2712100,7.29
2012-02-01,7.35,7.42,7.27,7.28,1678300,7.14
2012-01-31,7.33,7.38,7.25,7.35,1507500,7.21
2012-01-30,7.49,7.50,7.34,7.35,2103800,7.21
2012-01-27,7.46,7.46,7.46,7.46,000,7.32
2012-01-26,7.46,7.46,7.46,7.46,000,7.32
2012-01-25,7.46,7.46,7.46,7.46,000,7.32
2012-01-24,7.46,7.46,7.46,7.46,000,7.32
2012-01-23,7.46,7.46,7.46,7.46,000,7.32
2012-01-20,7.45,7.49,7.37,7.46,3851300,7.32
2012-01-19,7.26,7.51,7.17,7.43,4039700,7.29
2012-01-18,7.42,7.55,7.28,7.30,4429600,7.16
2012-01-17,6.98,7.45,6.95,7.42,3924600,7.28
2012-01-16,7.20,7.23,7.00,7.00,1920200,6.87
2012-01-13,7.61,7.66,7.28,7.28,3030600,7.14
2012-01-12,7.57,7.73,7.51,7.66,3563900,7.51
2012-01-11,7.68,7.69,7.55,7.61,3183600,7.46
2012-01-10,7.39,7.74,7.34,7.66,4375600,7.51
2012-01-09,7.06,7.49,6.96,7.39,3314100,7.25
2012-01-06,6.91,7.08,6.79,7.06,1505200,6.93
2012-01-05,7.10,7.17,6.89,6.93,1665500,6.80
2012-01-04,7.29,7.41,7.11,7.11,1991700,6.97
2012-01-03,7.16,7.26,7.15,7.25,1607800,7.11
2012-01-02,7.16,7.26,7.15,7.25,1607800,7.11
2011-12-30,7.16,7.26,7.15,7.25,1607800,7.11
2011-12-29,7.04,7.20,7.01,7.10,1649300,6.96
2011-12-28,7.09,7.13,6.91,7.10,2078900,6.96
2011-12-27,7.37,7.43,7.08,7.13,1658600,6.99
2011-12-26,7.28,7.52,7.27,7.39,1574100,7.25
2011-12-23,7.39,7.53,7.30,7.42,1645900,7.28
2011-12-22,7.28,7.60,7.01,7.37,3030500,7.23
2011-12-21,7.72,7.86,7.38,7.38,2312300,7.24
2011-12-20,7.75,7.90,7.61,7.61,2335400,7.46
2011-12-19,7.55,7.85,7.35,7.78,2962000,7.63
2011-12-16,7.38,7.65,7.30,7.64,2591200,7.49
2011-12-15,7.78,7.78,7.25,7.36,3804300,7.22
2011-12-14,7.97,8.06,7.78,7.79,1754500,7.64
2011-12-13,8.26,8.26,7.95,7.97,2832100,7.82
2011-12-12,8.60,8.60,8.30,8.30,2821800,8.14
2011-12-09,8.67,8.67,8.67,8.67,000,8.50
2011-12-08,8.78,8.82,8.47,8.67,3021200,8.50
2011-12-07,8.74,8.92,8.70,8.81,2013400,8.64
2011-12-06,8.67,8.87,8.61,8.75,2248600,8.58
2011-12-05,9.08,9.10,8.65,8.68,3293800,8.51
2011-12-02,9.40,9.49,9.05,9.08,5337500,8.91
2011-12-01,9.61,9.70,9.43,9.47,7332000,9.29
2011-11-30,9.67,9.89,9.21,9.32,8411100,9.14
2011-11-29,9.21,9.70,9.21,9.66,9369100,9.48
2011-11-28,9.10,9.29,9.04,9.20,3208200,9.02
2011-11-25,9.10,9.20,9.01,9.04,2246600,8.87
2011-11-24,9.18,9.25,9.05,9.10,3564600,8.93
2011-11-23,9.47,9.52,9.30,9.30,3034400,9.12
2011-11-22,9.36,9.51,9.18,9.46,4470200,9.28
2011-11-21,9.41,9.55,9.21,9.40,5786300,9.22
2011-11-18,9.93,10.02,9.49,9.58,9498300,9.40
2011-11-17,9.66,9.90,9.61,9.81,6589100,9.62
2011-11-16,10.00,10.17,9.67,9.75,8326200,9.56
2011-11-15,9.95,10.19,9.88,10.06,11543900,9.87
2011-11-14,9.60,9.95,9.55,9.95,7355000,9.76
2011-11-11,9.54,9.69,9.45,9.48,5155800,9.30
2011-11-10,9.75,9.86,9.51,9.54,7379400,9.36
2011-11-09,9.66,9.97,9.61,9.90,11788700,9.71
2011-11-08,9.59,9.84,9.53,9.64,7405700,9.46
2011-11-07,9.60,9.70,9.48,9.59,5255500,9.41
2011-11-04,9.55,9.64,9.40,9.58,5829900,9.40
2011-11-03,9.41,9.69,9.31,9.50,9419700,9.32
2011-11-02,9.02,9.33,9.00,9.31,5154600,9.13
2011-11-01,9.22,9.32,9.11,9.25,4505800,9.07
2011-10-31,9.31,9.39,9.22,9.30,3861600,9.12
2011-10-28,9.20,9.32,9.11,9.28,4766400,9.10
2011-10-27,9.04,9.24,9.00,9.10,3531800,8.93
2011-10-26,8.99,9.19,8.90,9.03,4950200,8.86
2011-10-25,8.80,9.12,8.76,9.05,5049500,8.88
2011-10-24,8.55,8.80,8.41,8.78,2782600,8.61
2011-10-21,8.91,8.96,8.50,8.53,2583000,8.37
2011-10-20,9.08,9.08,8.79,8.88,2784400,8.71
2011-10-19,9.15,9.26,9.01,9.11,2387400,8.94
2011-10-18,9.41,9.51,9.13,9.16,4342900,8.99
2011-10-17,9.82,9.96,9.54,9.59,7873700,9.41
2011-10-14,9.51,9.59,9.33,9.42,3096700,9.24
2011-10-13,9.32,9.65,9.30,9.59,5696300,9.41
2011-10-12,8.91,9.33,8.76,9.31,5072500,9.13
2011-10-11,9.25,9.37,8.85,8.96,2540400,8.79
2011-10-10,9.17,9.17,8.96,9.02,1657500,8.85
2011-09-30,9.20,9.26,8.90,9.00,2931000,8.83
2011-09-29,9.76,9.76,9.00,9.16,5377300,8.99
2011-09-28,9.88,9.95,9.66,9.71,2722600,9.52
2011-09-27,9.86,9.93,9.75,9.83,2207000,9.64
2011-09-26,9.82,9.91,9.70,9.77,2805600,9.58
2011-09-23,9.68,9.89,9.57,9.86,4045700,9.67
2011-09-22,10.24,10.26,9.84,9.86,7301300,9.67
2011-09-21,9.90,10.35,9.83,10.30,9296900,10.10
2011-09-20,9.71,9.96,9.66,9.85,2505100,9.66
2011-09-19,10.09,10.09,9.73,9.73,3241800,9.54
2011-09-16,10.19,10.24,10.02,10.04,3912100,9.85
2011-09-15,10.03,10.20,9.99,10.14,5349500,9.95
2011-09-14,9.93,9.95,9.70,9.95,3005800,9.76
2011-09-13,9.77,9.89,9.72,9.85,2401700,9.66
2011-09-09,10.01,10.12,9.90,9.97,3011000,9.78
2011-09-08,10.12,10.20,9.98,9.98,3218300,9.79
2011-09-07,9.92,10.10,9.90,10.07,4092300,9.88
2011-09-06,9.79,9.97,9.72,9.86,3028600,9.67
2011-09-05,9.94,9.96,9.77,9.83,3319500,9.64
2011-09-02,10.10,10.15,9.98,10.03,2886300,9.84
2011-09-01,10.16,10.24,10.04,10.10,3162300,9.91
2011-08-31,10.16,10.24,10.00,10.11,3638200,9.92
2011-08-30,10.41,10.49,10.15,10.17,5157400,9.98
2011-08-29,10.50,10.58,10.29,10.30,5696900,10.10
2011-08-26,10.54,10.71,10.48,10.61,6680300,10.41
2011-08-25,10.38,10.64,10.32,10.59,9470200,10.39
2011-08-24,10.38,10.44,10.27,10.31,5800600,10.11
2011-08-23,10.18,10.38,10.13,10.31,5038700,10.11
2011-08-22,10.13,10.35,10.06,10.09,4081700,9.90
2011-08-19,9.92,10.19,9.85,10.18,6215700,9.99
2011-08-18,10.33,10.42,10.09,10.12,6149500,9.93
2011-08-17,10.55,10.61,10.33,10.34,7717700,10.14
2011-08-16,10.80,10.85,10.52,10.55,7816000,10.35
2011-08-15,10.65,10.86,10.53,10.80,9386600,10.59
2011-08-12,10.81,10.99,10.58,10.59,18772100,10.39
2011-08-11,10.40,10.96,10.35,10.78,17329800,10.57
2011-08-10,10.33,10.75,10.10,10.74,20866400,10.54
2011-08-09,9.63,10.19,9.41,10.09,11706400,9.90
2011-08-08,10.49,10.66,9.82,9.94,13276800,9.75
2011-08-05,10.50,10.95,10.40,10.66,11661000,10.46
2011-08-04,11.22,11.49,11.07,11.10,16193200,10.89
2011-08-03,10.92,11.10,10.77,11.04,8968900,10.83
2011-08-02,11.44,11.58,10.77,11.11,11992200,10.90
2011-08-01,11.36,11.61,11.29,11.38,11634000,11.16
2011-07-29,12.70,12.88,11.54,11.58,37580400,11.36
2011-07-28,13.00,13.10,12.57,12.82,17274300,12.58
2011-07-27,12.50,13.10,12.28,13.03,29835700,12.78
2011-07-26,12.13,13.26,12.05,12.67,29617000,12.43
2011-07-25,12.08,12.83,12.01,12.17,16598100,11.94
2011-07-22,12.79,12.79,12.15,12.26,16278800,12.03
2011-07-21,12.42,13.00,12.30,12.67,24172900,12.43
2011-07-20,12.45,12.74,12.20,12.43,11472300,12.19
2011-07-19,12.67,12.68,12.16,12.37,13815000,12.13
2011-07-18,12.73,12.96,12.57,12.75,10703500,12.51
2011-07-15,12.73,13.05,12.55,12.73,15271600,12.49
2011-07-14,12.90,12.99,12.56,12.87,12845500,12.58
2011-07-13,12.85,13.06,12.66,12.95,12405300,12.66
2011-07-12,12.42,13.11,12.39,12.90,28039600,12.61
2011-07-11,12.19,12.98,12.07,12.58,25062800,12.30
2011-07-08,12.00,12.26,11.81,12.16,14284300,11.89
2011-07-07,11.71,12.55,11.70,12.06,32770500,11.79
2011-07-06,11.47,11.95,11.43,11.84,21231900,11.57
2011-07-05,10.91,11.80,10.85,11.68,23567100,11.42
2011-07-04,10.69,10.98,10.64,10.91,8329200,10.66
2011-07-01,10.76,10.78,10.57,10.63,5252700,10.39
2011-06-30,10.47,10.79,10.47,10.70,6326500,10.46
2011-06-29,10.66,10.76,10.55,10.55,5505600,10.31
2011-06-28,10.71,10.74,10.50,10.66,7158600,10.42
2011-06-27,10.49,10.91,10.47,10.79,9951900,10.55
2011-06-24,10.15,10.55,10.09,10.49,9919900,10.25
2011-06-23,9.95,10.20,9.67,10.16,6897600,9.93
2011-06-22,10.18,10.22,9.98,10.00,3231900,9.77
2011-06-21,9.98,10.19,9.93,10.16,3498700,9.93
2011-06-20,10.15,10.25,9.88,9.95,3528300,9.73
2011-06-17,10.14,10.35,10.09,10.13,4066000,9.90
2011-06-16,10.43,10.62,10.20,10.31,5024700,10.08
2011-06-15,10.86,10.94,10.61,10.63,5484700,10.39
2011-06-14,10.60,10.95,10.52,10.87,8602800,10.63
2011-06-13,10.74,11.15,10.65,10.71,13305800,10.47
2011-06-10,10.10,10.66,10.07,10.50,8031200,10.26
2011-06-09,10.48,10.64,10.15,10.15,4837200,9.92
2011-06-08,10.58,10.58,10.23,10.48,5035100,10.24
2011-06-07,10.53,10.66,10.49,10.63,3615200,10.39
2011-06-03,10.42,10.66,10.39,10.61,4565300,10.37
2011-06-02,10.38,10.64,10.25,10.54,8244600,10.30
2011-06-01,10.30,10.46,10.15,10.40,3855500,10.17
2011-05-31,10.15,10.33,9.90,10.30,4107200,10.07
2011-05-30,10.27,10.35,10.05,10.09,4112900,9.86
2011-05-27,10.91,10.91,10.28,10.29,7626300,10.06
2011-05-26,10.58,10.96,10.56,10.91,7383200,10.66
2011-05-25,10.66,10.82,10.51,10.52,3320600,10.28
