Date,Open,High,Low,Close,Volume,Adj Close
2015-01-23,27.50,27.69,27.00,27.06,23060600,27.06
2015-01-22,27.39,27.63,27.02,27.42,22535100,27.42
2015-01-21,26.35,27.45,26.16,27.39,35613800,27.39
2015-01-20,26.22,26.61,25.82,26.32,29727200,26.32
2015-01-19,27.00,27.50,25.78,25.78,52178400,25.78
2015-01-16,28.73,28.99,28.28,28.64,28419700,28.64
2015-01-15,27.71,28.75,27.34,28.69,27246600,28.69
2015-01-14,28.16,28.33,27.50,27.71,23219900,27.71
2015-01-13,27.97,28.47,27.80,28.14,20157100,28.14
2015-01-12,28.50,28.51,27.47,27.98,34669500,27.98
2015-01-09,28.76,29.78,28.50,28.67,37459400,28.67
2015-01-08,29.88,29.94,28.82,28.92,35299000,28.92
2015-01-07,30.20,30.59,29.13,29.88,43486700,29.88
2015-01-06,28.90,31.19,28.61,29.95,73058700,29.95
2015-01-05,27.65,29.60,27.58,29.18,70495200,29.18
2015-01-02,27.29,27.29,27.29,27.29,000,27.29
2015-01-01,27.29,27.29,27.29,27.29,000,27.29
2014-12-31,26.98,27.60,26.81,27.29,29744200,27.29
2014-12-30,27.30,27.75,26.68,26.80,33570300,26.80
2014-12-29,27.29,28.34,27.02,27.37,42865700,27.37
2014-12-26,27.20,27.55,26.71,27.27,42568700,27.27
2014-12-25,25.79,27.50,25.79,26.99,46354600,26.99
2014-12-24,25.97,26.20,25.11,25.55,31353400,25.55
2014-12-23,27.00,27.00,25.78,25.89,34992900,25.89
2014-12-22,28.18,29.26,26.82,27.03,59600800,27.03
2014-12-19,26.63,28.30,25.89,27.78,67631700,27.78
2014-12-18,25.50,26.68,25.50,26.58,45851000,26.58
2014-12-17,26.06,26.18,25.15,25.44,30952500,25.44
2014-12-16,25.77,26.28,25.61,25.99,31264300,25.99
2014-12-15,25.49,26.07,24.88,25.90,30534200,25.90
2014-12-12,25.99,26.26,25.44,25.66,28462500,25.66
2014-12-11,25.99,27.08,25.30,25.93,46157200,25.93
2014-12-10,24.71,26.20,24.71,26.00,55761000,26.00
2014-12-09,24.70,27.42,24.58,24.66,99672300,24.66
2014-12-08,22.87,25.23,22.58,25.05,73481000,25.05
2014-12-05,23.68,23.99,22.28,22.99,57031900,22.99
2014-12-04,22.86,23.76,22.85,23.67,51499000,23.67
2014-12-03,23.14,23.85,22.56,22.80,56767700,22.80
2014-12-02,22.30,23.20,22.16,23.07,45038300,23.07
2014-12-01,21.92,23.16,21.92,22.43,50289400,22.43
2014-11-28,21.46,21.86,21.11,21.82,30793000,21.82
2014-11-27,21.56,21.65,21.21,21.47,26085200,21.47
2014-11-26,21.53,21.62,21.30,21.49,19936100,21.49
2014-11-25,21.36,21.58,21.25,21.48,22665900,21.48
2014-11-24,21.10,21.69,20.91,21.41,35592500,21.41
2014-11-21,20.65,20.90,20.50,20.88,17745000,20.88
2014-11-20,20.56,20.77,20.43,20.61,10876200,20.61
2014-11-19,20.62,20.87,20.62,20.66,15508300,20.66
2014-11-18,20.89,20.99,20.50,20.65,24857900,20.65
2014-11-17,21.84,22.02,21.07,21.09,29054800,21.09
2014-11-14,21.58,21.83,21.23,21.72,32951300,21.72
2014-11-13,21.56,21.84,21.31,21.61,34101500,21.61
2014-11-12,20.76,21.55,20.64,21.52,41637500,21.52
2014-11-11,21.25,21.66,20.53,20.81,48235800,20.81
2014-11-10,20.62,21.03,20.43,21.03,37695300,21.03
2014-11-07,20.34,20.67,20.15,20.32,21060500,20.32
2014-11-06,20.53,20.58,20.15,20.37,15312100,20.37
2014-11-05,20.77,21.11,20.30,20.55,29342000,20.55
2014-11-04,20.20,21.06,20.09,20.69,40615200,20.69
2014-11-03,20.38,20.55,20.16,20.22,21737900,20.22
2014-10-31,20.00,20.35,19.95,20.33,25966900,20.33
2014-10-30,19.98,20.04,19.78,19.95,13157900,19.95
2014-10-29,19.58,20.09,19.56,19.93,15874100,19.93
2014-10-28,19.20,19.57,19.17,19.56,10743600,19.56
2014-10-27,19.40,19.40,19.00,19.13,10294500,19.13
2014-10-24,19.66,19.68,19.47,19.50,7071100,19.50
2014-10-23,19.95,20.05,19.63,19.68,12530200,19.59
2014-10-22,19.96,20.08,19.87,19.93,10060500,19.84
2014-10-21,20.04,20.06,19.88,19.90,8415400,19.81
2014-10-20,19.92,20.11,19.85,20.04,9578600,19.95
2014-10-17,19.97,20.15,19.60,19.85,14896700,19.76
2014-10-16,20.09,20.25,19.98,20.01,13799700,19.92
2014-10-15,20.19,20.31,19.93,20.24,17214600,20.15
2014-10-14,20.16,20.33,20.08,20.14,12188300,20.05
2014-10-13,20.56,20.56,20.05,20.21,17897500,20.12
2014-10-10,20.44,20.86,20.38,20.61,26221500,20.52
2014-10-09,20.66,20.76,20.36,20.50,16943700,20.41
2014-10-08,20.33,20.65,20.20,20.64,23056900,20.55
2014-10-07,20.28,20.28,20.28,20.28,000,20.19
2014-10-06,20.28,20.28,20.28,20.28,000,20.19
2014-10-03,20.28,20.28,20.28,20.28,000,20.19
2014-10-02,20.28,20.28,20.28,20.28,000,20.19
2014-10-01,20.28,20.28,20.28,20.28,000,20.19
2014-09-30,20.28,20.41,20.20,20.28,13213700,20.19
2014-09-29,20.35,20.46,20.17,20.28,18974900,20.19
2014-09-26,20.23,20.37,20.18,20.25,8709600,20.16
2014-09-25,20.51,20.55,20.23,20.27,16145000,20.18
2014-09-24,20.14,20.44,20.01,20.40,14639600,20.31
2014-09-23,19.95,20.17,19.90,20.14,10345200,20.05
2014-09-22,20.26,20.26,19.87,19.92,10702000,19.83
2014-09-19,19.94,20.34,19.92,20.27,12436200,20.18
2014-09-18,19.90,20.07,19.80,19.95,11330500,19.86
2014-09-17,20.06,20.19,19.74,19.93,16775800,19.84
2014-09-16,20.45,20.56,20.05,20.06,17258800,19.97
2014-09-15,20.49,20.49,20.23,20.41,15430300,20.32
2014-09-12,20.32,20.58,20.28,20.52,14085900,20.43
2014-09-11,20.71,20.93,20.39,20.42,23682200,20.33
2014-09-10,21.00,21.03,20.71,20.74,19587400,20.65
2014-09-09,21.13,21.25,20.98,21.11,17461600,21.01
2014-09-08,21.09,21.09,21.09,21.09,000,20.99
2014-09-05,21.15,21.24,20.90,21.09,18709600,20.99
2014-09-04,21.10,21.14,20.85,21.06,15122600,20.96
2014-09-03,20.72,21.23,20.66,21.13,24250500,21.03
2014-09-02,20.70,20.75,20.35,20.71,21076300,20.62
2014-09-01,20.55,20.67,20.40,20.57,15204700,20.48
2014-08-29,20.40,20.52,20.24,20.48,9048000,20.39
2014-08-28,20.24,20.51,20.15,20.43,12074500,20.34
2014-08-27,20.10,20.53,20.07,20.26,11537500,20.17
2014-08-26,20.20,20.34,20.05,20.15,9154300,19.92
2014-08-25,20.45,20.46,20.12,20.24,8785800,20.01
2014-08-22,20.26,20.43,20.20,20.39,11188000,20.16
2014-08-21,20.65,20.68,20.11,20.29,16158800,20.06
2014-08-20,20.87,20.88,20.67,20.70,14249800,20.47
2014-08-19,21.04,21.12,20.70,20.89,12843400,20.66
2014-08-18,20.94,21.15,20.89,21.03,13519900,20.79
2014-08-15,20.75,21.11,20.71,20.91,11314000,20.67
2014-08-14,21.32,21.45,20.67,20.68,17804400,20.45
2014-08-13,21.31,21.45,21.03,21.25,13105200,21.01
2014-08-12,21.20,21.31,21.01,21.19,17369500,20.95
2014-08-11,20.62,21.39,20.62,21.37,27998100,21.13
2014-08-08,20.40,20.71,20.31,20.53,13979600,20.30
2014-08-07,20.85,21.07,20.41,20.42,14923600,20.19
2014-08-06,20.84,21.10,20.60,20.93,14913500,20.69
2014-08-05,20.91,21.18,20.73,20.99,20297100,20.75
2014-08-04,20.30,20.91,20.27,20.88,18758500,20.65
2014-08-01,20.62,20.95,20.38,20.38,18391000,20.15
2014-07-31,20.65,20.66,20.32,20.64,20392800,20.41
2014-07-30,20.40,20.97,20.36,20.68,20052500,20.45
2014-07-29,20.60,20.72,20.35,20.50,20997100,20.27
2014-07-28,20.55,20.87,20.27,20.65,30865500,20.42
2014-07-25,19.91,20.46,19.70,20.37,28482900,20.14
2014-07-24,19.55,19.75,19.35,19.65,22315300,19.43
2014-07-23,18.95,19.71,18.95,19.49,24303100,19.27
2014-07-22,18.70,19.07,18.55,18.94,14505400,18.73
2014-07-21,18.98,19.07,18.70,18.71,13050100,18.50
2014-07-18,18.59,19.13,18.56,18.85,20757200,18.64
2014-07-17,18.37,18.70,18.32,18.69,15826300,18.48
2014-07-16,18.49,18.65,18.27,18.36,11834700,18.15
2014-07-15,18.60,18.76,18.34,18.45,22195700,18.24
2014-07-14,17.67,18.37,17.61,18.24,16938300,18.03
2014-07-11,17.70,17.84,17.60,17.65,9960200,17.45
2014-07-10,17.66,17.72,17.58,17.69,4795500,17.49
2014-07-09,17.79,17.84,17.66,17.66,7593700,17.46
2014-07-08,17.89,17.95,17.68,17.82,6757700,17.62
2014-07-07,18.03,18.14,17.86,17.90,7696400,17.70
2014-07-04,17.90,18.08,17.82,18.02,8514100,17.82
2014-07-03,17.80,17.95,17.75,17.87,6785800,17.67
2014-07-02,17.70,17.83,17.62,17.80,6569400,17.60
2014-07-01,17.79,17.85,17.62,17.70,5888700,17.50
2014-06-30,17.60,17.87,17.60,17.79,6236400,17.59
2014-06-27,17.67,17.74,17.54,17.65,5208500,17.45
2014-06-26,17.46,17.71,17.46,17.65,4823000,17.45
2014-06-25,17.60,17.60,17.44,17.46,4559400,17.26
2014-06-24,17.67,17.69,17.56,17.60,5607900,17.40
2014-06-23,17.66,17.80,17.56,17.65,4935700,17.45
2014-06-20,17.49,17.65,17.49,17.61,5487800,17.41
2014-06-19,17.75,17.87,17.43,17.49,5875100,17.29
2014-06-18,17.87,17.95,17.72,17.75,5482100,17.55
2014-06-17,18.12,18.18,17.78,17.87,7942100,17.67
2014-06-16,18.27,18.33,18.04,18.15,9436400,17.95
2014-06-13,18.01,18.29,17.87,18.08,13366400,17.88
2014-06-12,17.76,17.76,17.76,17.76,000,17.56
2014-06-11,17.66,17.77,17.62,17.76,6340900,17.56
2014-06-10,17.52,17.76,17.48,17.69,7428500,17.49
2014-06-09,17.44,17.55,17.31,17.51,6146400,17.31
2014-06-06,17.68,17.68,17.41,17.49,5971100,17.29
2014-06-05,17.53,17.65,17.47,17.65,6924500,17.45
2014-06-04,17.50,17.64,17.43,17.53,6744700,17.33
2014-06-03,17.51,17.74,17.51,17.52,5937600,17.32
2014-06-02,17.42,17.42,17.42,17.42,000,17.22
2014-05-30,17.56,17.63,17.36,17.42,4770100,17.22
2014-05-29,17.59,17.79,17.52,17.55,8377900,17.35
2014-05-28,17.40,17.61,17.29,17.60,6509500,17.40
2014-05-27,17.41,17.52,17.38,17.40,3291300,17.20
2014-05-26,17.58,17.58,17.37,17.45,4730700,17.25
2014-05-23,17.27,17.47,17.25,17.39,5272800,17.19
2014-05-22,17.52,17.59,17.22,17.25,6192500,17.06
2014-05-21,17.23,17.49,17.10,17.47,4498700,17.27
2014-05-20,17.18,17.38,17.18,17.23,4254900,17.04
2014-05-19,17.32,17.32,17.02,17.16,4409500,16.97
2014-05-16,17.17,17.40,17.15,17.38,5058900,17.18
2014-05-15,17.40,17.46,17.18,17.18,4892500,16.99
2014-05-14,17.44,17.52,17.31,17.38,5771800,17.18
2014-05-13,17.71,17.72,17.38,17.45,7647300,17.25
2014-05-12,17.33,17.81,17.33,17.68,12834200,17.48
2014-05-09,17.06,17.28,16.93,17.25,6619200,17.06
2014-05-08,16.91,17.20,16.88,16.93,4827700,16.74
2014-05-07,17.20,17.20,16.81,16.95,5883900,16.76
2014-05-06,17.36,17.54,17.21,17.28,7500900,17.09
2014-05-05,17.16,17.38,17.10,17.35,7594000,17.15
2014-05-02,17.15,17.15,17.15,17.15,000,16.96
2014-05-01,17.15,17.15,17.15,17.15,000,16.96
2014-04-30,17.46,17.50,17.10,17.15,9424700,16.96
2014-04-29,16.74,17.18,16.71,17.18,7535700,16.99
2014-04-28,16.85,16.90,16.54,16.70,8729200,16.51
2014-04-25,17.32,17.33,16.91,16.91,10173400,16.72
2014-04-24,17.21,17.49,17.15,17.15,10947100,16.96
2014-04-23,17.43,17.55,17.22,17.24,9385400,17.05
2014-04-22,17.49,17.59,17.17,17.48,9799600,17.28
2014-04-21,17.86,17.86,17.50,17.51,11232700,17.31
2014-04-18,17.94,18.04,17.78,17.96,9084800,17.76
2014-04-17,18.27,18.31,17.80,17.81,13824700,17.61
2014-04-16,18.05,18.34,18.05,18.18,12598000,17.98
2014-04-15,18.63,18.70,18.13,18.15,21495300,17.95
2014-04-14,18.90,19.18,18.44,18.68,25910500,18.47
2014-04-11,19.00,19.30,18.78,19.01,60776200,18.80
2014-04-10,17.41,19.17,17.38,19.00,57270600,18.79
2014-04-09,17.32,17.54,17.25,17.43,10636700,17.23
2014-04-08,16.98,17.37,16.93,17.25,10117900,17.06
2014-04-07,17.07,17.07,17.07,17.07,000,16.88
2014-04-04,16.91,17.09,16.82,17.07,5683000,16.88
2014-04-03,17.16,17.43,16.93,16.96,10940200,16.77
2014-04-02,16.86,17.14,16.83,17.12,8893600,16.93
2014-04-01,16.64,16.93,16.57,16.81,5617700,16.62
2014-03-31,16.63,16.83,16.52,16.64,4853300,16.45
2014-03-28,16.55,16.76,16.50,16.69,4981300,16.50
2014-03-27,16.69,16.76,16.45,16.55,4574300,16.36
2014-03-26,16.75,16.84,16.58,16.69,4588100,16.50
2014-03-25,16.71,16.98,16.66,16.72,5249400,16.53
2014-03-24,16.75,16.95,16.56,16.85,7851800,16.66
2014-03-21,16.21,16.78,16.14,16.72,7906400,16.53
2014-03-20,16.54,16.63,16.30,16.33,4875900,16.15
2014-03-19,16.52,16.52,16.39,16.50,4433000,16.31
2014-03-18,16.55,16.69,16.44,16.53,5622600,16.34
2014-03-17,16.32,16.58,16.22,16.56,5263200,16.37
2014-03-14,16.31,16.55,16.17,16.21,6621500,16.03
2014-03-13,16.14,16.39,16.10,16.33,4986200,16.15
2014-03-12,16.00,16.12,15.95,16.10,5891300,15.92
2014-03-11,16.10,16.20,15.90,16.02,8917700,15.84
2014-03-10,16.66,16.66,16.12,16.15,7562500,15.97
2014-03-07,16.79,16.91,16.66,16.68,6100400,16.49
2014-03-06,16.80,16.96,16.47,16.95,12699400,16.76
2014-03-05,17.01,17.03,16.80,16.83,5445400,16.64
2014-03-04,17.11,17.11,16.73,16.96,11164600,16.77
2014-03-03,17.43,17.43,17.03,17.15,11325500,16.96
2014-02-28,16.71,17.60,16.62,17.45,9846300,17.25
2014-02-27,17.09,17.10,16.60,16.70,10364000,16.51
2014-02-26,17.00,17.24,16.91,17.09,8548900,16.90
2014-02-25,17.23,17.42,17.00,17.02,9025500,16.83
2014-02-24,17.48,17.52,17.10,17.21,10543400,17.02
2014-02-21,17.80,17.96,17.64,17.71,6760500,17.51
2014-02-20,17.96,18.28,17.83,17.86,11577400,17.66
2014-02-19,18.04,18.13,17.75,17.94,11723900,17.74
2014-02-18,18.36,18.39,18.04,18.09,9733700,17.89
2014-02-17,18.21,18.34,18.10,18.33,12156300,18.12
2014-02-14,18.10,18.23,17.94,18.15,9569000,17.95
2014-02-13,18.20,18.33,18.00,18.10,7825800,17.90
2014-02-12,18.25,18.40,18.13,18.25,6650200,18.04
2014-02-11,18.13,18.28,18.01,18.19,7148700,17.99
2014-02-10,17.80,18.20,17.68,18.15,7664900,17.95
2014-02-07,17.34,17.63,17.26,17.63,4756900,17.43
2014-02-06,17.50,17.50,17.50,17.50,000,17.30
2014-02-05,17.50,17.50,17.50,17.50,000,17.30
2014-02-03,17.50,17.50,17.50,17.50,000,17.30
2014-01-31,17.50,17.50,17.50,17.50,000,17.30
2014-01-30,17.62,17.88,17.47,17.50,5074300,17.30
2014-01-29,17.78,17.98,17.70,17.84,2947200,17.64
2014-01-28,17.70,17.98,17.57,17.78,4434700,17.58
2014-01-27,17.99,17.99,17.58,17.72,5121400,17.52
2014-01-24,18.10,18.29,18.04,18.11,4026500,17.91
2014-01-23,18.20,18.27,18.09,18.13,3833200,17.93
2014-01-22,17.89,18.24,17.81,18.19,5122800,17.99
2014-01-21,17.60,17.97,17.55,17.80,3819800,17.60
2014-01-20,17.55,17.77,17.40,17.50,3075800,17.30
2014-01-17,17.76,17.80,17.50,17.53,3605400,17.33
2014-01-16,17.69,17.99,17.69,17.82,3887400,17.62
2014-01-15,17.69,17.75,17.50,17.66,2519300,17.46
2014-01-14,17.22,17.70,17.22,17.69,3958500,17.49
2014-01-13,17.13,17.40,17.13,17.20,3849700,17.01
2014-01-10,17.38,17.49,17.11,17.19,5935200,17.00
2014-01-09,17.73,17.89,17.45,17.49,4791900,17.29
2014-01-08,17.80,17.90,17.61,17.77,5689100,17.57
2014-01-07,17.50,17.91,17.50,17.75,4102500,17.55
2014-01-06,18.31,18.31,17.70,17.71,6989000,17.51
2014-01-03,18.56,18.70,18.25,18.33,7079000,18.12
2014-01-02,18.94,18.94,18.65,18.74,4180500,18.53
2014-01-01,19.00,19.00,19.00,19.00,000,18.79
2013-12-31,18.74,19.00,18.48,19.00,5511500,18.79
2013-12-30,18.99,19.06,18.80,18.82,4049300,18.61
2013-12-27,18.35,18.92,18.24,18.82,6649100,18.61
2013-12-26,18.73,18.73,18.20,18.31,7131400,18.10
2013-12-25,18.50,18.81,18.43,18.73,4192300,18.52
2013-12-24,18.77,18.90,18.25,18.42,7855300,18.21
2013-12-23,18.66,18.86,18.48,18.67,5899300,18.46
2013-12-20,19.14,19.20,18.57,18.61,10728800,18.40
2013-12-19,19.53,19.60,19.10,19.14,7683100,18.92
2013-12-18,19.58,19.75,19.43,19.48,5847400,19.26
2013-12-17,19.72,19.81,19.51,19.60,5482600,19.38
2013-12-16,20.05,20.09,19.70,19.72,6500600,19.50
2013-12-13,20.00,20.36,19.88,20.05,8917100,19.82
2013-12-12,20.18,20.41,19.97,20.24,7106400,20.01
2013-12-11,20.69,20.69,20.16,20.23,8687500,20.00
2013-12-10,21.20,21.44,20.78,20.88,7106600,20.65
2013-12-09,21.20,21.54,21.11,21.21,6296700,20.97
2013-12-06,21.00,21.38,20.90,21.00,6544700,20.76
2013-12-05,21.20,21.33,20.80,21.05,7974300,20.81
2013-12-04,20.75,21.37,20.68,21.24,14365600,21.00
2013-12-03,20.30,20.85,20.27,20.79,9610100,20.56
2013-12-02,20.45,20.78,20.01,20.30,12776300,20.07
2013-11-29,20.63,20.82,20.51,20.56,10783100,20.33
2013-11-28,19.89,20.92,19.87,20.77,20977300,20.54
2013-11-27,19.73,19.95,19.60,19.89,10839600,19.67
2013-11-26,19.88,20.06,19.64,19.80,7510900,19.58
2013-11-25,19.70,20.15,19.60,19.98,10987100,19.76
2013-11-22,19.98,20.05,19.72,19.81,4166700,19.59
2013-11-21,19.90,19.99,19.65,19.82,7889000,19.60
2013-11-20,19.99,20.04,19.68,20.02,10853900,19.79
2013-11-19,20.01,20.06,19.60,19.68,9786500,19.46
2013-11-18,19.40,19.92,19.36,19.90,7917600,19.68
2013-11-15,18.78,19.38,18.76,19.21,5974600,18.99
2013-11-14,18.80,18.85,18.59,18.77,2636200,18.56
2013-11-13,18.80,18.84,18.50,18.58,3753000,18.37
2013-11-12,19.09,19.14,18.80,18.96,2861700,18.75
2013-11-11,18.90,19.06,18.85,18.95,1938800,18.74
2013-11-08,19.19,19.31,18.90,18.93,2960800,18.72
2013-11-07,19.20,19.38,19.05,19.18,2534500,18.96
2013-11-06,19.44,19.63,19.20,19.20,2685000,18.98
2013-11-05,19.20,19.60,19.04,19.55,3477600,19.33
2013-11-04,19.59,19.71,19.33,19.40,3312000,19.18
2013-11-01,19.28,19.39,19.11,19.34,3954000,19.12
2013-10-31,19.04,19.13,18.86,19.05,3138800,18.84
2013-10-30,18.68,19.15,18.66,19.04,5436300,18.83
2013-10-29,19.18,19.40,18.58,18.73,7310000,18.52
2013-10-28,19.80,19.88,18.97,19.15,7078500,18.93
2013-10-25,20.16,20.29,19.76,19.91,5125900,19.69
2013-10-24,20.05,20.46,19.79,20.13,6105200,19.90
2013-10-23,20.28,20.55,19.90,20.03,7403200,19.80
2013-10-22,20.50,20.53,20.10,20.14,6827300,19.91
2013-10-21,20.59,20.67,20.05,20.50,10164400,20.27
2013-10-18,19.80,20.56,19.61,20.39,12734100,20.16
2013-10-17,19.80,20.07,19.75,19.80,5102900,19.49
2013-10-16,20.02,20.15,19.55,19.69,6516300,19.38
2013-10-15,20.04,20.26,19.70,20.15,7796500,19.83
2013-10-14,19.98,20.27,19.91,20.01,8438300,19.70
2013-10-11,19.70,20.09,19.67,19.91,7114400,19.60
2013-10-10,20.01,20.14,19.50,19.54,5889000,19.23
2013-10-09,19.70,20.22,19.70,20.01,5297900,19.70
2013-10-08,19.35,19.89,19.15,19.83,5756900,19.52
2013-10-07,19.36,19.36,19.36,19.36,000,19.06
2013-10-04,19.36,19.36,19.36,19.36,000,19.06
2013-10-03,19.36,19.36,19.36,19.36,000,19.06
2013-10-02,19.36,19.36,19.36,19.36,000,19.06
2013-10-01,19.36,19.36,19.36,19.36,000,19.06
2013-09-30,19.65,19.82,19.28,19.36,4220800,19.06
2013-09-27,19.36,19.66,19.35,19.52,3328900,19.21
2013-09-26,19.82,19.82,19.28,19.37,7042100,19.07
2013-09-25,19.95,20.28,19.80,19.81,6030800,19.50
2013-09-24,20.35,20.35,19.76,19.94,5842100,19.63
2013-09-23,19.95,20.38,19.95,20.19,5406200,19.87
2013-09-20,19.92,19.92,19.92,19.92,000,19.61
2013-09-18,20.26,20.26,19.72,19.92,5443300,19.61
2013-09-17,20.50,20.77,20.10,20.12,6394800,19.80
2013-09-16,20.21,20.75,20.21,20.52,6319600,20.20
2013-09-13,20.61,20.88,20.08,20.21,10692800,19.89
2013-09-12,21.00,21.00,20.48,20.68,12888700,20.35
2013-09-11,20.39,21.48,20.39,21.07,25212100,20.74
2013-09-10,19.80,20.43,19.71,20.31,15385800,19.99
2013-09-09,19.36,19.98,19.35,19.83,13169500,19.52
2013-09-06,19.12,19.50,19.02,19.30,5917000,19.00
2013-09-05,19.49,19.62,19.08,19.12,7510100,18.82
2013-09-04,19.56,19.67,19.31,19.47,6349600,19.16
2013-09-03,19.49,19.70,19.35,19.52,8755500,19.21
2013-09-02,19.25,19.87,18.94,19.51,13403200,19.20
2013-08-30,18.86,19.28,18.85,19.17,11340600,18.87
2013-08-29,18.68,18.69,18.24,18.68,7471600,18.39
2013-08-28,18.80,18.80,18.45,18.55,7195000,18.26
2013-08-27,18.95,19.00,18.65,18.88,4393800,18.58
2013-08-26,18.28,18.98,18.28,18.90,7284400,18.60
2013-08-23,18.69,18.81,17.97,18.30,7946400,18.01
2013-08-22,18.44,18.82,18.23,18.58,4061700,18.29
2013-08-21,18.68,18.68,18.26,18.46,6330900,18.17
2013-08-20,19.15,19.39,18.43,18.54,9832700,18.25
2013-08-19,19.18,19.55,18.90,19.42,6902400,18.91
2013-08-16,19.56,19.95,19.03,19.22,10381100,18.72
2013-08-15,19.44,19.95,19.41,19.59,9362200,19.08
2013-08-14,19.71,20.26,19.33,19.45,12334200,18.94
2013-08-13,19.27,19.94,19.27,19.73,11444400,19.21
2013-08-12,18.52,19.25,18.50,19.19,9852300,18.69
2013-08-09,18.40,18.57,18.11,18.51,6534400,18.02
2013-08-08,18.44,18.51,18.10,18.27,4838200,17.79
2013-08-07,18.40,18.69,18.25,18.26,7378600,17.78
2013-08-06,18.21,18.58,17.94,18.45,9714800,17.97
2013-08-05,18.10,18.22,17.88,18.20,4662700,17.72
2013-08-02,18.18,18.23,17.96,18.10,8132100,17.63
2013-08-01,17.89,18.12,17.70,17.96,6496500,17.49
2013-07-31,17.88,18.07,17.53,17.59,4408500,17.13
2013-07-30,17.46,17.91,17.35,17.65,4952000,17.19
2013-07-29,17.60,17.60,17.17,17.34,4384500,16.89
2013-07-26,17.50,17.88,17.34,17.73,5058300,17.26
2013-07-25,18.00,18.18,17.52,17.56,5702300,17.10
2013-07-24,17.92,18.34,17.50,17.87,9257100,17.40
2013-07-23,16.94,18.02,16.91,17.95,12201200,17.48
2013-07-22,16.59,16.88,16.45,16.84,4298400,16.40
2013-07-19,17.11,17.28,16.50,16.57,10099100,16.14
2013-07-18,17.50,17.50,17.01,17.13,6994800,16.68
2013-07-17,17.90,17.98,17.53,17.60,9786800,17.14
2013-07-16,18.25,18.25,17.65,17.93,11176000,17.46
2013-07-15,18.09,18.55,18.09,18.20,7495400,17.72
2013-07-12,18.47,18.79,18.00,18.05,7714400,17.58
2013-07-11,17.56,18.96,17.56,18.46,14094700,17.98
2013-07-10,16.90,17.58,16.89,17.53,5932200,17.07
2013-07-09,16.83,17.12,16.82,16.90,3113700,16.46
2013-07-08,17.30,17.39,16.74,16.90,5477100,16.46
2013-07-05,17.61,18.03,17.55,17.58,6866400,17.12
2013-07-04,17.22,17.82,17.01,17.57,8873000,17.11
2013-07-03,17.66,17.66,17.17,17.29,7248500,16.84
2013-07-02,17.03,17.66,16.69,17.66,12146500,17.20
2013-07-01,17.35,17.35,16.50,17.00,9756700,16.55
2013-06-28,17.30,17.95,17.05,17.35,8181700,16.89
2013-06-27,17.73,17.73,17.73,17.73,000,17.26
2013-06-26,17.84,17.95,17.30,17.73,9657900,17.26
2013-06-25,17.81,17.81,16.09,17.40,13742000,16.94
2013-06-24,19.24,19.29,17.77,17.86,11043900,17.39
2013-06-21,19.25,19.41,18.85,19.24,7656300,18.74
2013-06-20,19.95,20.19,19.46,19.50,6949200,18.99
2013-06-19,20.19,20.19,19.73,19.95,5569900,19.43
2013-06-18,20.13,20.32,19.95,20.15,10526900,19.62
2013-06-17,20.30,20.33,19.87,20.04,8500800,19.51
2013-06-14,20.70,20.84,19.99,20.32,12673400,19.79
2013-06-13,21.56,21.56,20.50,20.70,8156200,20.16
2013-06-12,21.85,21.85,21.85,21.85,000,21.28
2013-06-11,21.85,21.85,21.85,21.85,000,21.28
2013-06-10,21.85,21.85,21.85,21.85,000,21.28
2013-06-07,22.73,22.73,21.77,21.85,6283700,21.28
2013-06-06,22.45,22.97,22.37,22.52,6011800,21.93
2013-06-05,22.56,22.70,22.25,22.50,4566500,21.91
2013-06-04,23.10,23.10,22.31,22.52,6358400,21.93
2013-06-03,23.10,23.31,22.88,22.91,5144000,22.31
2013-05-31,23.47,23.68,23.00,23.04,8476300,22.44
2013-05-30,23.51,23.82,23.41,23.49,7520500,22.87
2013-05-29,23.98,24.09,23.63,23.66,9373300,23.04
2013-05-28,23.33,23.79,23.15,23.79,10070200,23.17
2013-05-27,23.25,23.64,23.20,23.33,8312800,22.72
2013-05-24,23.32,23.56,23.09,23.34,5594700,22.73
2013-05-23,23.60,23.82,23.04,23.19,9067800,22.58
2013-05-22,23.72,23.98,23.35,23.86,8476000,23.23
2013-05-21,23.64,23.80,23.18,23.64,8616400,23.02
2013-05-20,23.10,23.90,23.10,23.64,13917300,23.02
2013-05-17,22.39,22.71,22.06,22.67,9263400,22.08
2013-05-16,21.76,22.40,21.76,22.33,7232800,21.74
2013-05-15,22.12,22.15,21.58,21.76,6515500,21.19
2013-05-14,22.60,22.83,21.42,22.17,12962900,21.59
2013-05-13,23.09,23.09,22.60,22.71,4446000,22.11
2013-05-10,22.60,23.10,22.60,22.87,5748100,22.27
2013-05-09,22.88,23.13,22.45,22.80,7180200,22.20
2013-05-08,22.43,23.15,22.36,22.85,7527700,22.25
2013-05-07,22.25,22.43,22.16,22.21,4905900,21.63
2013-05-06,22.10,22.60,22.05,22.35,6139100,21.76
2013-05-03,21.63,22.37,21.63,21.96,7576400,21.38
2013-05-02,21.96,21.96,21.19,21.56,4837600,20.99
2013-05-01,21.96,21.96,21.96,21.96,000,21.38
2013-04-30,21.96,21.96,21.96,21.96,000,21.38
2013-04-29,21.96,21.96,21.96,21.96,000,21.38
2013-04-26,23.42,23.68,21.89,21.96,9699200,21.38
2013-04-25,23.28,23.82,23.00,23.08,5819300,22.47
2013-04-24,22.92,23.63,22.87,23.33,6456300,22.72
2013-04-23,23.90,24.00,22.94,23.05,9590700,22.45
2013-04-22,23.31,24.09,23.31,24.02,10598200,23.39
2013-04-19,22.60,23.46,22.60,23.30,9507700,22.69
2013-04-18,23.25,23.87,22.60,22.60,11789500,22.01
2013-04-17,22.68,23.41,22.68,23.39,8706700,22.78
2013-04-16,22.32,22.88,22.17,22.88,6924500,22.28
2013-04-15,23.17,23.17,22.40,22.64,8237500,22.05
2013-04-12,23.00,23.74,23.00,23.12,15510800,22.51
2013-04-11,21.98,23.17,21.94,22.96,17857600,22.36
2013-04-10,21.35,21.84,21.10,21.81,9046500,21.24
2013-04-09,21.20,21.94,21.00,21.28,11378500,20.72
2013-04-08,20.50,21.19,20.44,21.12,5097800,20.57
2013-04-05,20.90,20.90,20.90,20.90,000,20.35
2013-04-04,20.90,20.90,20.90,20.90,000,20.35
2013-04-03,20.94,21.16,20.46,20.90,5519700,20.35
2013-04-02,20.73,21.35,20.58,20.86,8816900,20.31
2013-04-01,21.20,21.32,20.70,20.73,6946600,20.19
2013-03-29,21.38,21.71,21.28,21.39,4358400,20.83
2013-03-28,21.90,22.28,21.38,21.40,7552200,20.84
2013-03-27,22.30,22.45,21.98,22.10,4413700,21.52
2013-03-26,22.40,22.40,21.81,22.28,5276300,21.70
2013-03-25,22.72,22.90,22.37,22.48,5287800,21.89
2013-03-22,23.11,23.11,22.20,22.63,10122800,22.04
2013-03-21,23.20,23.40,22.99,23.13,6625300,22.52
2013-03-20,22.31,23.20,22.31,23.18,8568000,22.57
2013-03-19,22.35,22.47,22.14,22.30,5129500,21.72
2013-03-18,22.03,22.50,21.88,22.12,5161500,21.54
2013-03-15,21.81,22.62,21.61,22.17,10867800,21.59
2013-03-14,21.80,22.33,21.70,21.75,7582300,21.18
2013-03-13,22.79,22.80,21.89,21.90,9345000,21.33
2013-03-12,23.15,23.55,22.64,22.83,6892600,22.23
2013-03-11,23.51,23.52,22.80,23.15,5540500,22.54
2013-03-08,23.60,23.97,23.39,23.51,5858700,22.89
2013-03-07,23.20,23.87,23.03,23.55,10379300,22.93
2013-03-06,23.41,23.52,22.81,23.20,10045400,22.59
2013-03-05,23.28,23.56,22.68,23.32,14705800,22.71
2013-03-04,24.80,24.85,23.07,23.24,21049900,22.63
2013-03-01,25.69,25.70,24.90,25.15,9666600,24.49
2013-02-28,24.82,25.59,24.82,25.56,10674600,24.89
2013-02-27,24.45,24.95,24.45,24.73,5822800,24.08
2013-02-26,24.71,25.06,24.15,24.36,11003100,23.72
2013-02-25,24.77,25.41,24.65,24.71,7954600,24.06
2013-02-22,24.60,25.05,24.44,24.62,8203500,23.97
2013-02-21,26.06,26.08,24.38,24.85,18889900,24.20
2013-02-20,25.99,26.50,25.81,26.26,8903100,25.57
2013-02-19,27.20,27.20,25.80,26.11,17464100,25.43
2013-02-18,28.48,28.73,27.46,27.55,12123000,26.83
2013-02-15,28.26,28.26,28.26,28.26,000,27.52
2013-02-14,28.26,28.26,28.26,28.26,000,27.52
2013-02-13,28.26,28.26,28.26,28.26,000,27.52
2013-02-12,28.26,28.26,28.26,28.26,000,27.52
2013-02-11,28.26,28.26,28.26,28.26,000,27.52
2013-02-08,27.09,28.78,27.08,28.26,16113500,27.52
2013-02-07,26.70,27.25,26.51,27.08,13173000,26.37
2013-02-06,26.60,27.10,26.42,26.70,15801900,26.00
2013-02-05,26.33,26.92,26.15,26.66,19197000,25.96
2013-02-04,25.40,26.48,25.40,26.34,30140500,25.65
2013-02-01,24.50,25.46,24.25,25.37,19150000,24.70
2013-01-31,24.76,24.90,24.31,24.51,7392100,23.87
2013-01-30,24.10,24.85,24.10,24.70,13073800,24.05
2013-01-29,24.08,24.44,24.02,24.10,10634100,23.47
2013-01-28,23.08,24.07,23.08,24.07,11925900,23.44
2013-01-25,23.57,23.63,23.06,23.09,10367000,22.48
2013-01-24,24.17,24.49,23.48,23.64,12541400,23.02
2013-01-23,24.14,24.44,23.80,24.16,7757900,23.53
2013-01-22,24.85,25.17,24.15,24.36,14957700,23.72
2013-01-21,24.26,24.99,24.02,24.84,15139900,24.19
2013-01-18,24.25,24.37,24.00,24.24,9128000,23.60
2013-01-17,24.48,24.48,23.80,24.04,9505600,23.41
2013-01-16,24.39,24.69,24.06,24.53,13830000,23.89
2013-01-15,24.90,24.90,24.00,24.40,18763000,23.76
2013-01-14,23.90,24.76,23.70,24.70,14447000,24.05
2013-01-11,25.11,25.30,23.90,23.90,14337600,23.27
2013-01-10,24.63,25.38,24.62,25.10,13775600,24.44
2013-01-09,24.63,24.88,24.34,24.55,12855000,23.91
2013-01-08,24.98,24.98,24.44,24.65,10768800,24.00
2013-01-07,25.30,25.49,24.50,25.05,14526600,24.39
2013-01-04,26.11,26.12,25.10,25.41,11855800,24.74
2013-01-03,25.31,25.31,25.31,25.31,000,24.65
2013-01-02,25.31,25.31,25.31,25.31,000,24.65
2013-01-01,25.31,25.31,25.31,25.31,000,24.65
2012-12-31,25.28,25.87,25.02,25.31,9021700,24.65
2012-12-28,25.00,25.43,24.70,25.11,7879200,24.45
2012-12-27,25.90,25.98,24.88,25.01,9175500,24.35
2012-12-26,25.57,26.10,25.41,25.60,9725600,24.93
2012-12-25,24.46,25.70,24.30,25.59,12658900,24.92
2012-12-24,24.81,24.97,24.41,24.60,7904900,23.95
2012-12-21,24.92,25.36,24.64,24.76,8378100,24.11
2012-12-20,25.19,25.19,24.50,24.93,8645600,24.28
2012-12-19,25.22,25.48,24.95,25.34,8892100,24.68
2012-12-18,25.26,25.78,24.81,25.31,12409300,24.65
2012-12-17,25.17,25.97,24.65,25.30,15891200,24.64
2012-12-14,23.90,25.33,23.90,25.15,14629500,24.49
2012-12-13,24.23,24.23,23.71,23.90,4839800,23.27
2012-12-12,23.40,24.26,23.40,24.24,7483100,23.60
2012-12-11,24.10,24.12,23.41,23.50,8613600,22.88
2012-12-10,24.37,24.50,24.03,24.15,10584900,23.52
2012-12-07,23.48,24.39,23.02,24.34,17159100,23.70
2012-12-06,23.80,24.25,23.30,23.49,9914700,22.87
2012-12-05,23.13,24.15,22.99,23.79,19730000,23.17
2012-12-04,22.00,23.30,21.93,23.20,13812100,22.59
2012-12-03,22.08,22.58,21.83,22.25,16270000,21.67
2012-11-30,21.31,22.20,21.31,22.07,9525500,21.49
2012-11-29,20.94,21.70,20.93,21.43,6008400,20.87
2012-11-28,20.96,21.02,20.50,20.94,5597100,20.39
2012-11-27,21.54,21.65,20.91,21.00,6430500,20.45
2012-11-26,21.88,22.13,21.50,21.54,5978300,20.98
2012-11-23,21.65,22.30,21.65,22.00,9512800,21.42
2012-11-22,21.70,21.92,21.41,21.59,7579100,21.02
2012-11-21,20.98,21.80,20.95,21.80,10768900,21.23
2012-11-20,20.90,21.19,20.79,21.00,8692700,20.45
2012-11-19,20.37,20.82,20.23,20.76,4588500,20.22
2012-11-16,20.31,20.55,20.08,20.36,3803300,19.83
2012-11-15,20.75,20.95,20.40,20.47,5099400,19.93
2012-11-14,20.49,20.89,20.38,20.88,6012300,20.33
2012-11-13,20.52,20.88,20.52,20.52,6274500,19.98
2012-11-12,20.38,20.96,20.38,20.78,5867500,20.23
2012-11-09,19.92,20.50,19.80,20.33,5794400,19.80
2012-11-08,20.55,20.71,19.93,19.98,5498400,19.46
2012-11-07,20.84,21.12,20.77,20.82,5557000,20.27
2012-11-06,21.28,21.28,20.51,20.95,7563600,20.40
2012-11-05,21.10,21.45,20.90,21.33,9508100,20.77
2012-11-02,20.67,21.28,20.66,21.10,13779200,20.55
2012-11-01,20.00,20.72,19.98,20.66,9741800,20.12
2012-10-31,19.80,20.05,19.66,19.97,4262600,19.45
2012-10-30,19.40,20.08,19.35,19.81,6280500,19.29
2012-10-29,19.66,19.74,19.15,19.46,6897100,18.95
2012-10-26,20.33,20.50,19.68,19.88,8443100,19.36
2012-10-25,21.48,21.56,20.26,20.35,11077000,19.82
2012-10-24,20.75,21.80,20.71,21.45,9759800,20.89
2012-10-23,21.69,21.89,21.00,21.08,8629400,20.53
2012-10-22,21.10,21.80,20.91,21.68,9523000,21.11
2012-10-19,20.69,22.35,20.69,21.28,22515700,20.72
2012-10-18,19.83,20.58,19.81,20.58,13255700,20.04
2012-10-17,20.09,20.18,19.75,19.83,5277000,19.22
2012-10-16,19.65,20.10,19.61,19.99,7239000,19.38
2012-10-15,19.69,19.91,19.45,19.75,5358700,19.14
2012-10-12,19.48,19.85,19.28,19.74,9189900,19.14
2012-10-11,19.59,19.61,19.25,19.35,5823700,18.76
2012-10-10,19.59,19.85,19.51,19.68,5094400,19.08
2012-10-09,19.26,19.76,19.22,19.69,8669300,19.09
2012-10-08,19.49,19.55,18.95,19.08,5439100,18.50
2012-10-05,19.36,19.36,19.36,19.36,000,18.77
2012-10-04,19.36,19.36,19.36,19.36,000,18.77
2012-10-03,19.36,19.36,19.36,19.36,000,18.77
2012-10-02,19.36,19.36,19.36,19.36,000,18.77
2012-10-01,19.36,19.36,19.36,19.36,000,18.77
2012-09-28,18.70,19.46,18.60,19.36,9303900,18.77
2012-09-27,18.01,19.10,17.98,18.90,7715700,18.32
2012-09-26,18.07,18.19,17.78,17.97,3697800,17.42
2012-09-25,18.50,18.57,17.95,18.07,4551300,17.52
2012-09-24,18.08,18.72,17.76,18.57,6142600,18.00
2012-09-21,17.92,18.43,17.82,18.02,4545300,17.47
2012-09-20,18.78,18.78,17.90,17.90,6219400,17.35
2012-09-19,18.68,18.98,18.66,18.89,4228600,18.31
2012-09-18,19.00,19.00,18.60,18.65,5665500,18.08
2012-09-17,19.80,19.80,19.09,19.12,7861100,18.53
2012-09-14,19.86,20.19,19.30,19.74,8598500,19.14
2012-09-13,20.33,20.34,19.65,19.70,8891300,19.10
2012-09-12,20.08,20.50,19.90,20.26,11123300,19.64
2012-09-11,19.98,19.98,19.50,19.89,10680800,19.28
2012-09-10,19.25,20.30,19.10,20.12,20393400,19.50
2012-09-07,18.05,19.58,17.95,19.25,23126900,18.66
2012-09-06,17.87,18.17,17.70,17.80,5158200,17.25
2012-09-05,17.67,18.05,17.62,17.85,4929200,17.30
2012-09-04,18.03,18.50,17.62,17.79,9623700,17.24
2012-09-03,17.20,18.67,17.20,17.99,17090500,17.44
2012-08-31,17.10,17.54,17.00,17.10,7488400,16.58
2012-08-30,16.50,17.29,16.50,17.10,7318700,16.58
2012-08-29,17.25,17.29,16.71,16.84,6034800,16.32
2012-08-28,17.28,17.37,17.12,17.25,4855100,16.72
2012-08-27,18.15,18.15,17.26,17.31,6559400,16.78
2012-08-24,18.76,18.76,18.14,18.15,4730500,17.59
2012-08-23,18.79,19.01,18.68,18.80,3408900,18.22
2012-08-22,19.00,19.07,18.71,18.79,2993800,18.21
2012-08-21,18.91,19.14,18.77,18.97,3568500,18.39
2012-08-20,19.01,19.03,18.50,18.90,4367400,18.32
2012-08-17,19.37,19.37,19.04,19.21,3306600,18.62
2012-08-16,23.41,23.53,23.26,23.27,4711900,18.71
2012-08-15,23.74,23.78,23.36,23.51,4383500,18.90
2012-08-14,23.33,23.76,23.27,23.76,5097000,19.10
2012-08-13,23.46,23.69,23.21,23.33,6352500,18.76
2012-08-10,23.99,23.99,23.43,23.44,6472400,18.85
2012-08-09,23.80,24.10,23.49,24.04,6791600,19.33
2012-08-08,23.94,24.14,23.51,23.80,5347800,19.14
2012-08-07,24.12,24.19,23.79,23.92,5295200,19.23
2012-08-06,23.74,24.26,23.63,24.16,6128400,19.43
2012-08-03,23.40,23.76,23.39,23.74,4518900,19.09
2012-08-02,23.42,23.57,23.01,23.50,4613300,18.90
2012-08-01,22.81,23.64,22.81,23.42,5282400,18.83
2012-07-31,23.02,23.35,22.90,23.16,5016700,18.62
2012-07-30,23.02,23.35,22.93,22.99,4753100,18.48
2012-07-27,22.90,23.14,22.72,23.00,5057600,18.49
2012-07-26,23.42,23.48,22.81,22.83,9540000,18.36
2012-07-25,23.50,23.78,23.21,23.32,3719100,18.75
2012-07-24,23.10,23.97,23.03,23.58,8694800,18.96
2012-07-23,25.58,25.58,23.52,23.69,12095600,19.05
2012-07-20,26.68,26.68,25.70,25.71,5892200,20.67
2012-07-19,26.39,27.06,26.19,26.75,4698200,21.51
2012-07-18,26.59,26.70,25.59,26.47,4635300,21.28
2012-07-17,26.43,26.73,26.30,26.58,2315700,21.37
2012-07-16,27.40,27.40,26.26,26.36,4468700,21.19
2012-07-13,27.50,27.80,27.33,27.40,3904800,22.03
2012-07-12,27.27,27.77,26.70,27.63,5785000,22.22
2012-07-11,26.92,27.32,26.91,27.20,4292600,21.87
2012-07-10,27.04,27.19,26.62,26.91,4346700,21.64
2012-07-09,28.05,28.05,26.89,27.08,7590600,21.77
2012-07-06,27.51,28.06,27.51,28.05,6928600,22.55
2012-07-05,28.28,28.34,27.40,27.50,6244100,22.11
2012-07-04,28.84,29.07,28.18,28.30,7329900,22.75
2012-07-03,29.82,29.98,28.80,28.90,11460200,23.24
2012-07-02,30.12,30.28,29.58,29.69,5524000,23.87
2012-06-29,29.69,29.69,29.69,29.69,000,23.87
2012-06-28,30.05,30.20,29.63,29.69,4070500,23.87
2012-06-27,30.20,30.29,29.90,29.99,3624400,24.11
2012-06-26,30.05,30.40,30.00,30.12,3759700,24.22
2012-06-25,30.98,31.00,30.00,30.10,3876400,24.20
2012-06-22,31.00,31.00,31.00,31.00,000,24.93
2012-06-21,31.65,31.65,30.91,31.00,3928000,24.93
2012-06-20,31.80,31.87,31.60,31.65,2562600,25.45
2012-06-19,31.85,31.94,31.52,31.62,2745300,25.42
2012-06-18,31.80,32.05,31.75,31.94,3746400,25.68
2012-06-15,31.88,32.00,31.38,31.75,4165900,25.53
2012-06-14,32.06,32.17,31.78,31.87,4251700,25.62
2012-06-13,31.76,32.12,31.65,32.12,5373800,25.83
2012-06-12,32.02,32.02,31.59,31.75,6352500,25.53
2012-06-11,31.99,32.32,31.89,32.16,4054200,25.86
2012-06-08,32.12,32.30,31.82,31.84,2870000,25.60
2012-06-07,32.15,32.52,31.79,31.87,3295200,25.62
2012-06-06,32.03,32.12,31.75,32.05,3681900,25.77
2012-06-05,32.30,32.40,31.81,31.81,5915300,25.58
2012-06-04,32.80,33.23,31.80,32.40,8312000,26.05
2012-06-01,33.25,33.67,33.13,33.39,5303700,26.85
2012-05-31,33.57,33.78,33.22,33.34,5835900,26.81
2012-05-30,34.20,34.47,33.65,33.79,7062900,27.17
2012-05-29,33.97,34.92,33.96,34.37,14914400,27.64
2012-05-28,32.70,34.30,32.40,33.91,12814100,27.27
2012-05-25,32.85,33.16,32.35,32.80,4353600,26.37
2012-05-24,32.30,33.50,32.30,32.82,11804100,26.39
2012-05-23,32.21,32.63,32.12,32.29,4804400,25.96
2012-05-22,31.70,32.28,31.65,32.20,5211100,25.89
2012-05-21,31.32,31.81,31.28,31.36,3855200,25.21
2012-05-18,31.71,31.95,31.32,31.32,4334800,25.18
2012-05-17,31.71,32.02,31.52,31.93,3925600,25.67
2012-05-16,31.76,32.10,31.32,31.71,6094100,25.50
2012-05-15,32.00,32.00,31.53,31.75,6604900,25.53
2012-05-14,33.05,33.16,32.02,32.08,6762200,25.79
2012-05-11,32.84,33.11,32.50,32.90,9357200,26.45
2012-05-10,33.25,33.45,32.96,33.00,4695500,26.53
2012-05-09,34.00,34.15,33.21,33.28,8238100,26.76
2012-05-08,34.76,34.76,33.86,34.50,9100100,27.74
2012-05-07,33.99,34.96,33.95,34.80,12861500,27.98
2012-05-04,34.17,34.35,33.80,34.15,6253400,27.46
2012-05-03,34.00,34.26,33.70,34.20,7313500,27.50
2012-05-02,33.60,34.26,33.46,34.00,10883900,27.34
2012-05-01,33.12,33.12,33.12,33.12,000,26.63
2012-04-30,33.12,33.12,33.12,33.12,000,26.63
2012-04-27,33.42,33.74,32.65,33.12,7419800,26.63
2012-04-26,33.58,34.13,33.38,33.59,7963500,27.01
2012-04-25,33.39,33.71,33.06,33.54,8934200,26.97
2012-04-24,33.50,34.00,32.67,33.18,13139400,26.68
2012-04-23,32.82,34.02,32.74,34.00,17251600,27.34
2012-04-20,31.90,33.03,31.90,32.90,11336300,26.45
2012-04-19,31.90,32.29,31.88,31.97,5321700,25.71
2012-04-18,31.49,32.08,31.36,32.03,6082400,25.75
2012-04-17,31.61,31.86,31.29,31.31,5301000,25.17
2012-04-16,31.84,31.93,31.48,31.65,4488500,25.45
2012-04-13,31.70,32.28,31.56,31.96,11471900,25.70
2012-04-12,31.12,31.69,30.81,31.67,8566800,25.46
2012-04-11,30.55,31.20,30.12,31.00,5838700,24.93
2012-04-10,30.63,30.97,30.10,30.86,5476800,24.81
2012-04-09,30.92,31.42,30.39,30.82,5355700,24.78
2012-04-06,30.98,31.17,30.73,30.92,4634400,24.86
2012-04-05,30.38,31.30,30.10,31.03,9260300,24.95
2012-04-04,30.16,30.16,30.16,30.16,000,24.25
2012-04-03,30.16,30.16,30.16,30.16,000,24.25
2012-04-02,30.16,30.16,30.16,30.16,000,24.25
2012-03-30,30.15,30.43,29.98,30.16,5715700,24.25
2012-03-29,30.74,30.76,29.62,30.15,9612600,24.24
2012-03-28,32.08,32.08,30.95,30.95,7745600,24.89
2012-03-27,32.46,32.58,32.06,32.13,5765700,25.83
2012-03-26,32.31,32.49,32.13,32.25,3285000,25.93
2012-03-23,33.00,33.00,32.20,32.31,6813200,25.98
2012-03-22,33.17,33.25,32.85,33.05,3761400,26.57
2012-03-21,33.04,33.38,32.76,33.16,6688000,26.66
2012-03-20,33.70,33.70,32.90,33.00,9914100,26.53
2012-03-19,33.98,34.00,33.43,33.70,9782500,27.10
2012-03-16,33.76,34.18,32.96,33.97,10714600,27.31
2012-03-15,34.40,34.66,33.53,33.76,12338000,27.14
2012-03-14,35.80,36.10,34.40,34.45,20294600,27.70
2012-03-13,34.66,35.50,34.45,35.50,12159900,28.54
2012-03-12,34.89,35.27,34.50,34.67,9437300,27.88
2012-03-09,34.61,34.85,34.24,34.84,9518400,28.01
2012-03-08,34.21,34.89,34.21,34.41,7316400,27.67
2012-03-07,34.47,34.50,33.90,34.10,13727200,27.42
2012-03-06,35.16,35.29,34.65,34.76,8730100,27.95
2012-03-05,35.52,36.17,35.40,35.45,13179600,28.50
2012-03-02,34.81,35.49,34.70,35.46,12271200,28.51
2012-03-01,34.57,35.14,34.57,34.75,6960800,27.94
2012-02-29,35.60,35.69,34.84,34.92,9865900,28.08
2012-02-28,35.98,36.06,35.45,35.80,9883800,28.78
2012-02-27,35.65,36.66,35.65,36.03,17554600,28.97
2012-02-24,34.82,35.66,34.59,35.60,16450900,28.62
2012-02-23,34.92,35.15,34.64,34.80,8908900,27.98
2012-02-22,34.45,34.96,34.44,34.80,7601200,27.98
2012-02-21,34.37,34.50,33.90,34.44,5334500,27.69
2012-02-20,35.10,35.33,34.20,34.20,7649600,27.50
2012-02-17,34.88,35.08,34.24,34.58,7468000,27.80
2012-02-16,34.20,35.41,34.20,34.61,16498600,27.83
2012-02-15,33.06,34.28,33.06,34.16,11434300,27.47
2012-02-14,33.49,33.58,33.00,33.20,6958700,26.69
2012-02-13,33.57,33.88,33.03,33.61,7382400,27.02
2012-02-10,33.68,34.30,33.62,33.89,7529500,27.25
2012-02-09,33.85,34.16,33.60,33.79,6896200,27.17
2012-02-08,33.04,34.02,32.92,33.87,7558000,27.23
2012-02-07,33.30,33.46,32.60,33.10,7211000,26.61
2012-02-06,34.37,34.50,33.22,33.48,11917500,26.92
2012-02-03,34.27,34.68,33.76,34.36,6149600,27.63
2012-02-02,33.70,34.30,33.56,34.27,5148500,27.55
2012-02-01,33.73,34.35,33.50,33.56,4095500,26.98
2012-01-31,34.35,34.61,33.54,33.90,5222600,27.26
2012-01-30,35.59,35.68,34.31,34.31,9416300,27.59
2012-01-27,35.32,35.32,35.32,35.32,000,28.40
2012-01-26,35.32,35.32,35.32,35.32,000,28.40
2012-01-25,35.32,35.32,35.32,35.32,000,28.40
2012-01-24,35.32,35.32,35.32,35.32,000,28.40
2012-01-23,35.32,35.32,35.32,35.32,000,28.40
2012-01-20,33.85,35.70,33.85,35.32,16069200,28.40
2012-01-19,33.21,34.01,32.96,33.81,9924500,27.18
2012-01-18,33.51,33.94,33.01,33.21,11560000,26.70
2012-01-17,31.90,34.00,31.85,33.50,11868100,26.94
2012-01-16,31.65,32.66,31.45,32.08,5911800,25.79
2012-01-13,32.91,33.17,31.85,32.08,5676900,25.79
2012-01-12,33.30,33.54,32.83,32.88,5666200,26.44
2012-01-11,33.60,34.20,33.00,33.36,11872900,26.82
2012-01-10,31.87,33.56,31.71,33.19,10937100,26.69
2012-01-09,30.99,31.88,30.51,31.82,7668400,25.58
2012-01-06,30.06,30.97,29.90,30.95,3375400,24.89
2012-01-05,30.45,30.45,29.92,30.39,3953400,24.43
2012-01-04,31.70,31.88,30.49,30.54,5529200,24.56
2012-01-03,30.93,31.52,30.93,31.50,5937400,25.33
2012-01-02,30.93,31.52,30.93,31.50,5937400,25.33
2011-12-30,30.93,31.52,30.93,31.50,5937400,25.33
2011-12-29,30.58,31.16,30.51,30.90,5764900,24.84
2011-12-28,30.55,31.00,30.03,30.90,4223000,24.84
2011-12-27,30.65,31.12,30.51,31.00,6420700,24.93
2011-12-26,31.15,31.21,30.51,30.65,3417700,24.64
2011-12-23,30.32,31.35,30.11,31.17,11738600,25.06
2011-12-22,30.00,30.42,29.60,30.23,6219800,24.31
2011-12-21,31.30,31.35,30.20,30.20,4354900,24.28
2011-12-20,30.86,31.33,30.63,30.79,5626100,24.76
2011-12-19,30.67,30.89,29.72,30.86,5939100,24.81
2011-12-16,30.28,30.96,29.71,30.75,6617100,24.72
2011-12-15,30.33,30.47,29.80,30.28,6201600,24.35
2011-12-14,31.33,31.34,30.00,30.78,5663600,24.75
2011-12-13,32.62,32.65,30.80,31.38,8659900,25.23
2011-12-12,33.44,33.48,32.70,32.75,4913000,26.33
2011-12-09,33.50,33.85,33.39,33.58,4132100,27.00
2011-12-08,33.86,34.10,33.56,33.61,4343000,27.02
2011-12-07,34.18,34.18,33.33,33.86,4920600,27.22
2011-12-06,34.52,34.75,33.79,33.99,4569600,27.33
2011-12-05,35.35,35.50,34.52,34.55,3643400,27.78
2011-12-02,35.36,35.61,35.10,35.33,3959000,28.41
2011-12-01,35.50,36.26,35.03,35.76,12198000,28.75
2011-11-30,35.67,35.80,33.99,34.30,6224700,27.58
2011-11-29,35.25,35.74,35.17,35.70,5477800,28.70
2011-11-28,34.82,35.18,34.55,34.85,3153400,28.02
2011-11-25,35.26,35.52,34.79,34.82,3284200,28.00
2011-11-24,35.20,35.75,34.70,35.45,4444300,28.50
2011-11-23,35.40,35.70,34.87,35.21,4212200,28.31
2011-11-22,35.39,35.99,35.16,35.29,7534700,28.37
2011-11-21,35.81,36.01,35.40,35.60,5662600,28.62
2011-11-18,37.46,37.46,35.66,35.72,10318300,28.72
2011-11-17,37.85,38.18,37.50,37.54,6369700,30.18
2011-11-16,39.31,39.33,37.63,37.71,8741500,30.32
2011-11-15,39.59,39.64,39.18,39.31,6409700,31.61
2011-11-14,38.77,39.50,38.77,39.30,7394800,31.60
2011-11-11,38.53,38.81,38.06,38.50,5573400,30.96
2011-11-10,38.50,39.22,38.31,38.51,10680300,30.96
2011-11-09,37.66,38.90,37.63,38.88,12365800,31.26
2011-11-08,37.68,38.45,37.37,37.60,7684900,30.23
2011-11-07,38.10,38.55,37.64,37.77,6909800,30.37
2011-11-04,38.42,38.92,38.01,38.25,8037400,30.75
2011-11-03,38.12,38.96,38.11,38.39,13904600,30.87
2011-11-02,36.90,38.12,36.73,37.96,12174800,30.52
2011-11-01,35.98,37.68,35.90,37.36,13765300,30.04
2011-10-31,36.98,36.98,36.00,36.34,10806500,29.22
2011-10-28,36.10,37.16,36.10,37.05,12579200,29.79
2011-10-27,35.50,35.96,35.15,35.76,7294200,28.75
2011-10-26,34.99,36.06,34.80,35.40,9560100,28.46
2011-10-25,34.56,35.30,33.98,35.10,7746800,28.22
2011-10-24,33.97,34.74,33.75,34.50,5498100,27.74
2011-10-21,34.57,34.59,33.73,33.91,3742200,27.27
2011-10-20,35.18,35.18,33.49,34.60,7428000,27.82
2011-10-19,36.30,36.70,34.85,35.18,9012000,28.29
2011-10-18,37.40,37.41,36.20,36.20,5939600,29.11
2011-10-17,37.76,38.19,37.56,37.65,3176700,30.27
2011-10-14,38.17,38.17,37.37,37.73,4159900,30.34
2011-10-13,37.90,38.36,37.75,38.16,7248900,30.68
2011-10-12,36.80,38.10,36.70,37.96,7877400,30.52
2011-10-11,37.60,38.10,36.65,36.85,4459900,29.63
2011-10-10,37.50,37.85,36.80,36.93,3215700,29.69
2011-09-30,38.08,38.10,37.15,37.26,4273500,29.96
2011-09-29,37.63,38.05,37.00,37.70,5688500,30.31
2011-09-28,38.50,38.60,37.61,37.78,5035100,30.38
2011-09-27,37.80,38.20,37.59,37.98,5324100,30.54
2011-09-26,38.19,38.78,37.55,37.59,5568900,30.22
2011-09-23,38.40,39.00,38.01,38.40,5514500,30.88
2011-09-22,39.90,40.01,39.08,39.10,5660900,31.44
2011-09-21,39.27,40.43,39.09,40.28,8394100,32.39
2011-09-20,39.13,39.50,39.00,39.20,3426800,31.52
2011-09-19,39.56,39.70,39.02,39.19,4068600,31.51
2011-09-16,39.94,40.17,39.62,39.66,2863800,31.89
2011-09-15,39.78,40.15,39.58,39.71,4537400,31.93
2011-09-14,39.80,39.88,39.01,39.68,4281000,31.90
2011-09-13,39.69,39.69,39.10,39.30,4060900,31.60
2011-09-09,40.50,40.70,40.01,40.28,3807600,32.39
2011-09-08,40.70,40.82,40.01,40.01,3867900,32.17
2011-09-07,39.76,40.80,39.76,40.60,4747500,32.64
2011-09-06,39.89,40.26,39.60,39.77,4082100,31.98
2011-09-05,40.90,40.90,39.97,40.15,4936300,32.28
2011-09-02,41.20,41.56,40.74,41.27,5309700,33.18
2011-09-01,42.06,42.18,41.23,41.58,5466400,33.43
2011-08-31,41.20,42.20,41.20,41.80,10867900,33.61
2011-08-30,40.72,42.20,40.72,41.00,12516800,32.97
2011-08-29,41.20,41.22,40.49,40.63,6095300,32.67
2011-08-26,41.30,41.70,41.05,41.42,5777900,33.30
2011-08-25,40.57,41.80,40.19,41.37,10701000,33.26
2011-08-24,40.82,40.99,40.16,40.51,4515000,32.57
2011-08-23,39.97,40.66,39.61,40.60,4728100,32.64
2011-08-22,39.72,40.08,39.35,39.77,4483700,31.98
2011-08-19,39.60,40.30,39.42,39.72,8089600,31.94
2011-08-18,41.45,41.45,40.30,40.34,6689100,32.44
2011-08-17,41.25,41.93,41.22,41.39,4800500,33.28
2011-08-16,42.20,42.30,41.20,41.35,7999700,33.25
2011-08-15,41.00,42.20,40.64,42.19,13168800,33.92
2011-08-12,40.50,40.98,40.26,40.81,10006200,32.81
2011-08-11,39.74,40.30,39.50,40.19,8023300,32.31
2011-08-10,41.20,41.43,40.15,40.25,8715300,32.36
2011-08-09,39.25,40.67,39.20,40.13,9749500,32.27
2011-08-08,41.70,41.70,39.01,40.84,15850500,32.84
2011-08-05,42.25,42.55,41.80,42.11,7827600,33.86
2011-08-04,43.88,43.95,43.30,43.30,4265300,34.82
2011-08-03,43.48,44.50,43.17,43.63,7358100,35.08
2011-08-02,42.88,43.89,42.33,43.84,8948700,35.25
2011-08-01,43.08,43.25,42.70,43.17,3839300,34.71
2011-07-29,43.28,43.56,42.65,43.10,4312400,34.65
2011-07-28,42.62,43.49,42.50,43.28,6044400,34.80
2011-07-27,42.99,43.38,42.51,43.22,5507300,34.75
2011-07-26,42.60,43.00,42.50,42.90,4053000,34.49
2011-07-25,44.31,44.31,42.50,42.57,10089800,34.23
2011-07-22,44.03,44.99,44.03,44.65,6675900,35.90
2011-07-21,44.36,44.50,44.00,44.03,5563600,35.40
2011-07-20,44.20,44.51,43.80,44.34,6838700,35.65
2011-07-19,45.00,45.11,43.88,43.88,12277600,35.28
2011-07-18,45.82,46.21,45.10,45.24,10699700,36.37
2011-07-15,45.75,46.16,45.50,45.80,7544100,36.83
2011-07-14,46.48,46.55,45.69,45.79,7375700,36.82
2011-07-13,45.47,46.34,45.44,46.05,5923900,37.03
2011-07-12,45.81,45.98,45.44,45.47,7371900,36.56
2011-07-11,46.10,47.00,45.41,46.40,8675900,37.31
2011-07-08,46.50,46.60,46.01,46.21,8028900,37.15
2011-07-07,47.12,48.30,47.06,47.12,12369400,37.51
2011-07-06,47.64,47.65,46.58,47.13,8277700,37.52
2011-07-05,47.25,48.30,47.25,47.63,14971500,37.92
2011-07-04,45.69,47.38,45.57,47.02,18144800,37.43
2011-07-01,45.75,45.84,45.14,45.28,10566300,36.05
2011-06-30,44.50,46.00,44.50,45.43,12745100,36.17
2011-06-29,44.78,45.39,44.48,44.49,7095300,35.42
2011-06-28,45.65,45.68,44.50,45.05,10924700,35.87
2011-06-27,45.75,46.20,45.39,45.55,13124900,36.26
2011-06-24,43.98,46.15,43.80,45.47,21662100,36.20
2011-06-23,42.25,44.44,41.77,44.13,12574300,35.13
2011-06-22,42.08,42.32,41.81,42.24,7846800,33.63
2011-06-21,41.73,42.34,41.73,42.08,6445800,33.50
2011-06-20,43.00,43.20,41.42,41.70,8289500,33.20
2011-06-17,43.91,44.18,43.00,43.00,6740100,34.23
2011-06-16,44.52,44.52,44.00,44.01,6878800,35.04
2011-06-15,45.42,45.45,44.78,44.80,5675000,35.67
2011-06-14,44.61,45.89,44.58,45.47,8167700,36.20
2011-06-13,44.89,44.89,44.44,44.61,5310500,35.51
2011-06-10,44.65,45.48,44.48,45.17,7158100,35.96
2011-06-09,45.49,45.49,44.71,44.75,6183900,35.63
2011-06-08,45.80,45.80,44.71,45.50,7149800,36.22
2011-06-07,45.60,45.98,45.32,45.80,6531100,36.46
2011-06-03,45.28,46.32,45.28,45.63,7499100,36.33
2011-06-02,46.08,46.08,45.01,45.28,6658300,36.05
2011-06-01,46.60,46.92,46.41,46.66,5609400,37.15
2011-05-31,46.18,47.49,44.50,47.08,11505600,37.48
2011-05-30,46.93,47.00,46.18,46.28,5795200,36.84
2011-05-27,46.80,47.10,46.50,46.90,4580300,37.34
2011-05-26,47.03,47.47,46.58,46.63,4768700,37.12
2011-05-25,47.09,47.41,46.60,46.69,4507100,37.17
2011-05-24,46.58,47.49,46.12,47.08,6003300,37.48
2011-05-23,47.93,47.98,46.45,46.79,8050200,37.25
2011-05-20,48.38,48.38,47.70,47.92,3982800,38.15
2011-05-19,49.05,49.34,48.32,48.43,5333900,38.56
2011-05-17,47.51,49.46,47.41,48.80,11182900,38.85
2011-05-16,48.30,48.35,47.49,47.52,5036100,37.83
2011-05-13,48.01,48.47,47.54,48.29,4983700,38.44
2011-05-12,48.50,48.79,48.00,48.01,6515400,38.22
2011-05-11,49.49,49.49,48.64,48.78,5853700,38.83
2011-05-10,49.42,49.80,49.12,49.58,5184200,39.47
2011-05-09,47.86,50.01,47.85,49.41,9880100,39.34
2011-05-06,48.26,48.30,47.30,47.85,9419800,38.09
2011-05-05,49.49,49.50,48.50,48.62,7997000,38.71
2011-05-04,51.17,51.17,49.01,49.74,11838800,39.60
2011-05-03,51.01,51.54,50.89,51.17,5653400,40.74
2011-04-29,50.50,51.14,50.31,51.00,6091600,40.60
2011-04-28,51.20,51.50,50.01,50.50,10049200,40.20
2011-04-27,52.97,53.11,50.80,51.17,10933800,40.74
2011-04-26,52.50,52.99,51.83,52.63,9784700,41.90
2011-04-25,53.37,53.48,52.21,52.50,12865100,41.80
2011-04-22,54.77,54.80,53.36,53.48,18798100,42.58
2011-04-21,55.00,55.25,54.53,54.77,8473400,43.60
2011-04-20,55.21,55.49,54.70,54.77,9013700,43.60
2011-04-19,56.16,56.16,54.90,55.00,13730800,43.79
2011-04-18,55.50,56.90,55.27,56.45,18320700,44.94
2011-04-15,55.39,56.51,55.00,55.72,10647300,44.36
2011-04-14,55.91,56.48,55.18,55.45,9763500,44.14
2011-04-13,55.25,56.00,54.45,55.91,10673400,44.51
2011-04-12,56.50,57.10,55.28,55.73,15284100,44.37
2011-04-11,54.91,57.10,54.91,56.57,28150400,45.04
2011-04-08,54.30,55.10,53.30,54.87,12127900,43.68
2011-04-07,53.93,54.29,52.95,54.08,13277700,43.05
2011-04-06,53.96,55.11,53.87,53.88,12865700,42.89
2011-04-01,53.01,53.98,53.01,53.94,9935000,42.94
2011-03-31,55.00,55.20,53.06,53.18,24996100,42.34
2011-03-30,55.48,56.17,54.90,55.22,13856800,43.96
2011-03-29,56.88,56.96,55.33,55.43,18249800,44.13
2011-03-28,57.30,58.00,56.98,57.10,15233500,45.46
2011-03-25,57.15,58.30,57.00,57.25,16734500,45.58
2011-03-24,58.17,58.50,57.17,57.18,15777100,45.52
2011-03-23,57.55,58.35,56.96,58.17,18501400,46.31
2011-03-22,56.99,57.70,56.21,57.30,17009600,45.62
2011-03-21,56.98,58.00,56.62,56.83,18881000,45.24
2011-03-18,56.50,57.60,56.11,57.27,17296800,45.59
2011-03-17,56.00,57.80,55.05,56.11,21273700,44.67
2011-03-16,56.35,57.00,55.89,56.59,19318600,45.05
2011-03-15,57.61,57.92,54.20,56.75,28436900,45.18
2011-03-14,57.13,58.30,57.13,57.80,15600500,46.02
2011-03-11,57.50,58.88,57.50,57.68,21836200,45.92
2011-03-10,60.00,60.02,58.00,58.11,28582700,46.26
2011-03-09,60.93,61.37,59.30,59.96,29840400,47.74
2011-03-08,61.15,61.48,60.10,60.83,20319500,48.43
2011-03-07,60.18,61.79,60.16,61.14,33713200,48.67
2011-03-04,59.38,61.17,58.95,60.01,23834900,47.78
2011-03-03,59.78,61.47,59.11,59.39,34234700,47.28
2011-03-02,58.60,60.55,57.38,59.97,31333100,47.74
2011-03-01,60.39,61.00,58.68,59.38,25599900,47.27
2011-02-28,57.10,60.80,56.04,60.27,36605700,47.98
2011-02-25,56.80,57.50,55.70,57.05,15518000,45.42
2011-02-24,56.62,57.38,55.60,56.77,19773000,45.20
2011-02-23,56.80,57.45,55.80,56.65,23516400,45.10
2011-02-22,59.30,59.50,56.70,56.93,32956700,45.32
2011-02-21,57.66,60.01,57.61,59.35,24842700,47.25
2011-02-18,60.00,60.01,57.60,57.89,32641900,46.09
2011-02-17,61.80,61.95,59.44,60.22,32289800,47.94
2011-02-16,58.46,61.80,58.20,61.32,42204200,48.82
2011-02-15,59.66,60.19,58.20,58.52,43036400,46.59
2011-02-14,55.00,59.66,54.95,59.07,57048100,47.03
2011-02-11,50.75,55.90,50.71,54.90,43221300,43.71
2011-02-10,48.70,50.87,48.09,50.86,15292400,40.49
2011-02-09,50.20,50.54,48.80,49.00,11498100,39.01
2011-02-01,51.19,51.19,50.20,50.63,10830900,40.31
2011-01-31,50.58,51.48,50.10,51.11,18011500,40.69
2011-01-28,48.90,50.95,48.59,50.88,22961000,40.51
2011-01-27,47.06,49.25,46.60,49.00,14757100,39.01
2011-01-26,46.55,47.40,46.52,47.08,6875700,37.48
2011-01-25,47.00,47.20,46.01,46.34,8944400,36.89
2011-01-24,49.34,49.49,46.91,46.98,17249800,37.40
2011-01-21,48.09,50.30,47.58,49.34,16630300,39.28
2011-01-20,49.75,50.66,48.41,48.58,18759000,38.68
2011-01-19,48.10,49.74,47.85,49.48,16143800,39.39
2011-01-18,47.52,48.48,47.40,48.08,8964500,38.28
2011-01-17,48.84,49.18,47.66,47.85,13309100,38.09
2011-01-14,48.30,49.63,47.41,49.40,14993100,39.33
2011-01-13,49.00,49.25,48.40,48.50,7939600,38.61
2011-01-12,47.89,49.30,47.88,48.75,14817200,38.81
2011-01-11,49.29,49.29,47.40,47.82,20662100,38.07
2011-01-10,51.10,51.13,49.31,49.45,16450200,39.37
2011-01-07,50.80,51.49,50.66,50.85,13907200,40.48
2011-01-06,52.38,52.50,50.75,50.88,25249800,40.51
2011-01-05,53.48,53.48,52.51,52.56,16025300,41.84
2011-01-04,52.58,54.00,51.91,53.50,22345800,42.59
2010-12-31,52.17,52.54,51.54,52.37,16657200,41.69
2010-12-30,52.11,52.47,50.99,51.56,13648100,41.05
2010-12-29,51.63,52.55,51.51,52.00,11677400,41.40
2010-12-28,54.00,54.26,51.49,51.58,27483800,41.06
2010-12-27,56.30,57.36,54.40,54.70,25045900,43.55
2010-12-24,56.00,56.82,54.91,56.08,19939100,44.65
2010-12-23,54.80,57.39,54.40,56.24,37723800,44.77
2010-12-22,54.80,55.77,54.01,54.85,19970300,43.67
2010-12-21,54.02,55.81,53.14,54.92,23197500,43.72
2010-12-20,55.75,56.08,53.00,53.95,30947000,42.95
2010-12-17,56.29,56.73,55.40,55.69,18708500,44.34
2010-12-16,55.80,57.48,55.50,56.50,19095700,44.98
2010-12-15,57.24,57.30,55.85,55.85,22615000,44.46
2010-12-14,57.40,57.88,56.28,57.36,25455700,45.67
2010-12-13,56.50,57.70,55.81,57.08,26730200,45.44
2010-12-10,54.50,56.74,54.00,55.95,23188800,44.54
2010-12-09,58.00,58.58,55.40,55.48,33469800,44.17
2010-12-08,57.60,61.27,57.51,58.86,34467300,46.86
2010-12-07,55.40,60.29,53.70,58.45,40124600,46.53
2010-12-06,59.58,60.35,55.40,56.35,37068700,44.86
2010-12-03,126.68,126.95,119.70,120.29,42479500,47.88
2010-12-02,125.00,131.71,122.08,127.29,47150600,50.67
2010-12-01,129.77,131.47,122.00,122.20,39118500,48.64
2010-11-30,131.00,133.14,122.83,131.00,62487100,52.15
2010-11-29,122.99,131.98,120.50,131.29,53243500,52.26
2010-11-26,119.20,121.80,117.58,119.98,24620200,47.76
2010-11-25,123.00,124.15,119.77,119.98,31541200,47.76
2010-11-24,113.21,124.51,113.21,122.06,43428400,48.59
2010-11-23,110.00,114.99,106.08,114.41,36359700,45.54
2010-11-22,106.00,113.48,105.22,111.00,40648300,44.18
2010-11-19,107.49,107.70,101.02,107.60,38729900,42.83
2010-11-18,106.40,107.48,104.50,106.90,25676600,42.55
2010-11-17,108.00,109.99,102.23,104.88,44782300,41.75
2010-11-16,118.00,118.68,111.30,111.87,37963900,44.53
2010-11-15,117.00,118.18,113.00,118.18,41135300,47.04
2010-11-12,125.40,129.49,114.85,115.00,57000500,45.78
2010-11-11,130.58,131.51,126.93,127.00,31328200,50.55
2010-11-10,129.00,135.00,128.35,129.70,37494000,51.63
2010-11-09,125.39,131.98,124.11,129.08,31921700,51.38
2010-11-08,125.00,127.79,122.25,126.10,30960500,50.20
2010-11-05,116.40,124.99,114.51,123.50,38999400,49.16
2010-11-04,113.01,115.60,110.13,115.00,31868800,45.78
2010-11-03,117.98,122.10,112.38,112.70,39816000,44.86
2010-11-02,117.10,122.10,116.50,118.28,33815400,47.08
2010-11-01,115.47,118.48,113.58,117.35,30151600,46.71
2010-10-29,108.21,118.80,108.20,115.00,44082500,45.78
2010-10-28,108.21,118.80,108.20,116.90,46487100,46.53
2010-10-27,106.99,115.01,105.00,108.01,49941200,42.99
2010-10-25,107.90,109.48,103.82,106.90,35882600,42.55
2010-10-22,99.50,108.52,97.88,107.00,35907000,42.59
2010-10-21,98.50,100.89,97.00,99.56,29303100,39.63
2010-10-20,88.20,97.80,87.33,97.50,39519400,38.81
2010-10-19,87.00,89.00,85.60,88.98,18041300,35.42
2010-10-18,84.70,88.18,83.15,86.01,30444000,34.24
2010-10-15,80.50,84.38,79.72,84.00,30474400,33.44
2010-10-14,83.41,83.42,80.50,80.65,25982800,32.10
2010-10-13,80.68,83.67,80.30,83.00,26525300,33.04
2010-10-12,79.93,81.75,79.39,80.74,18187200,32.14
2010-10-11,78.32,81.36,78.32,79.95,21747600,31.82
2010-10-08,76.60,79.24,76.60,78.27,16280000,31.16
2010-09-30,74.95,76.20,74.60,75.70,10756400,30.13
2010-09-29,76.01,76.32,74.94,75.00,10246600,29.85
2010-09-28,77.50,77.95,76.02,76.21,8703600,30.34
2010-09-27,76.20,78.19,76.00,77.80,9752800,30.97
2010-09-21,75.20,76.50,74.88,75.62,7503300,30.10
2010-09-20,75.58,76.47,74.53,75.08,8273400,29.89
2010-09-17,75.80,76.22,74.88,75.62,9359400,30.10
2010-09-16,77.79,78.19,74.80,75.70,18103000,30.13
2010-09-15,79.70,79.90,77.81,77.88,12919000,31.00
2010-09-14,80.06,80.67,79.31,80.00,12418400,31.84
2010-09-13,78.39,80.60,78.01,80.08,19048200,31.88
2010-09-10,76.46,79.07,76.41,78.66,19874000,31.31
2010-09-09,79.51,79.74,76.68,76.88,22026800,30.60
2010-09-08,78.30,79.68,78.00,79.30,14110600,31.57
2010-09-07,78.40,78.61,77.50,78.40,11641900,31.21
2010-09-06,78.00,79.99,77.70,78.27,15872300,31.16
2010-09-03,79.16,79.16,77.00,77.76,19202900,30.95
2010-09-02,79.60,79.88,78.19,78.90,20411500,31.41
2010-09-01,78.68,79.86,77.01,78.66,25842700,31.31
2010-08-31,74.50,79.00,74.15,78.00,31277100,31.05
2010-08-30,75.00,76.10,74.18,74.90,28637600,29.81
2010-08-27,70.20,74.65,69.30,74.08,28054600,29.49
2010-08-26,69.60,71.00,69.60,70.15,14474200,27.92
2010-08-25,72.30,72.31,69.18,69.60,24666100,27.70
2010-08-24,75.50,75.50,72.17,72.31,30774300,28.78
2010-08-23,71.95,74.50,71.90,74.40,24311300,29.62
2010-08-20,72.96,72.96,70.77,71.60,16582300,28.50
2010-08-19,71.48,74.00,71.47,73.20,22883700,29.14
2010-08-18,71.85,72.48,71.12,71.40,19283300,28.42
2010-08-17,70.01,71.50,70.01,71.46,21324500,28.45
2010-08-16,66.73,70.02,66.58,69.90,21915100,27.82
2010-08-13,65.65,67.10,64.86,66.90,11062400,26.63
2010-08-12,67.00,67.60,65.15,65.66,13519800,26.14
2010-08-11,67.14,68.09,67.09,67.64,8852600,26.92
2010-08-10,68.53,69.29,67.35,67.50,10733300,26.87
2010-08-09,68.80,69.26,67.90,68.75,10936900,27.37
2010-08-06,68.99,69.50,67.38,69.27,11910100,27.57
2010-08-05,70.26,70.26,69.03,69.32,9795500,27.18
2010-08-04,69.02,70.44,68.00,70.27,17369600,27.55
2010-08-03,71.10,72.32,69.02,69.20,14666600,27.13
2010-08-02,70.25,72.86,70.25,70.69,18050200,27.72
2010-07-30,70.75,71.03,69.70,70.11,13359200,27.49
2010-07-29,68.88,71.66,68.80,71.06,30085300,27.86
2010-07-28,68.00,69.08,66.98,68.64,19051100,26.91
2010-07-27,69.00,69.00,67.66,67.77,12550500,26.57
2010-07-26,68.05,69.43,67.59,69.20,14717000,27.13
2010-07-23,68.12,68.84,67.40,68.04,8379100,26.68
2010-07-22,67.95,68.44,66.90,68.00,10725500,26.66
2010-07-21,68.93,69.35,67.66,68.00,14834800,26.66
2010-07-20,68.33,69.25,67.60,68.50,13547200,26.86
2010-07-19,65.50,69.47,64.85,68.10,17514000,26.70
2010-07-16,65.20,66.60,63.81,66.10,10960400,25.92
2010-07-15,65.86,68.00,65.80,65.90,10662600,25.84
2010-07-14,67.12,67.88,65.58,65.73,10892900,25.77
2010-07-13,66.00,68.33,65.48,67.03,12984500,26.28
2010-07-12,65.00,71.50,64.50,66.60,29421400,26.11
2010-07-09,62.41,66.00,62.40,65.06,21063300,25.51
2010-07-08,60.55,63.38,60.55,62.81,14651600,24.63
2010-07-07,60.30,60.85,59.21,60.40,5057300,23.68
2010-07-06,59.57,60.52,58.67,60.26,5144100,23.63
2010-07-05,59.32,60.00,58.00,59.25,7066400,23.23
2010-07-02,59.00,60.69,58.40,60.00,9052600,23.53
2010-07-01,61.72,61.84,59.45,59.46,9125400,23.31
2010-06-30,59.00,61.99,58.52,61.50,11882800,24.11
2010-06-29,61.00,61.14,58.25,59.80,10495700,23.45
2010-06-28,60.01,61.85,60.01,60.90,9855100,23.88
2010-06-25,60.30,60.99,58.92,60.60,12581600,23.76
2010-06-24,58.85,61.10,58.63,60.60,14865800,23.76
2010-06-23,58.20,59.20,57.77,58.81,9157100,23.06
2010-06-22,58.30,59.20,58.10,58.70,9054100,23.02
2010-06-21,56.70,58.87,55.83,58.49,11658400,22.93
2010-06-18,56.01,57.27,55.70,56.72,10666200,22.24
2010-06-11,56.32,56.79,56.10,56.70,6275700,22.23
2010-06-10,56.59,56.68,56.02,56.20,7639700,22.04
2010-06-09,55.62,57.28,54.98,56.98,10147200,22.34
2010-06-08,55.00,55.78,54.88,55.15,5768600,21.62
2010-06-07,55.88,56.10,54.94,55.00,11788900,21.57
2010-06-04,57.20,57.35,55.88,56.76,8565400,22.26
2010-06-03,58.39,58.54,57.13,57.48,8349400,22.54
2010-06-02,57.06,58.08,56.85,57.95,5443200,22.72
2010-06-01,57.11,58.35,56.62,57.20,7563400,22.43
2010-05-31,59.60,59.60,57.73,57.73,8432700,22.64
2010-05-28,61.00,61.42,59.78,59.82,6931700,23.46
2010-05-27,59.34,60.43,58.78,60.42,6468400,23.69
2010-05-26,59.65,60.50,59.00,59.32,4705600,23.26
2010-05-25,61.00,61.10,59.28,59.66,11702100,23.39
2010-05-24,59.90,62.50,59.65,61.21,17065400,24.00
2010-05-21,56.00,59.80,55.50,59.42,16122000,23.30
2010-05-20,55.30,59.07,55.30,57.54,24527100,22.56
2010-05-19,55.51,56.80,55.50,55.79,7210900,21.88
2010-05-18,55.80,56.90,54.85,56.34,10292600,22.09
2010-05-17,57.11,58.40,55.68,55.98,13774000,21.95
2010-05-14,59.70,59.70,58.70,58.90,8659300,23.10
2010-05-13,58.97,59.87,58.10,59.70,9771000,23.41
2010-05-12,58.26,59.48,57.65,58.80,10358100,23.06
2010-05-11,61.20,61.61,58.01,59.10,12779400,23.17
2010-05-10,58.50,60.24,57.80,59.83,15634500,23.46
2010-05-07,57.10,59.49,55.30,58.80,27163200,23.06
2010-05-06,62.19,62.20,58.26,58.90,24622800,23.10
2010-05-05,61.19,63.00,60.30,62.78,18962300,24.62
2010-05-04,62.10,64.41,61.59,62.00,17987500,24.31
2010-04-30,60.10,64.20,59.42,63.19,21566400,24.78
2010-04-29,61.50,61.98,59.99,60.14,14061500,23.58
2010-04-28,61.15,62.87,60.18,60.97,18382500,23.91
2010-04-27,65.30,65.85,59.79,61.12,33734700,23.97
2010-04-26,64.25,66.60,64.25,66.42,18201100,26.04
2010-04-23,62.45,64.15,62.19,64.15,15695400,25.15
2010-04-22,64.06,64.06,62.30,62.47,14042700,24.49
2010-04-21,63.24,64.50,62.70,64.00,12392500,25.09
2010-04-20,62.63,63.44,61.81,62.65,11213900,24.57
2010-04-19,66.65,66.65,62.10,62.51,19672200,24.51
2010-04-16,68.00,68.05,66.71,66.97,5971100,26.26
2010-04-15,67.70,68.80,66.60,67.90,11454400,26.62
2010-04-14,68.27,68.30,66.98,67.60,9461400,26.51
2010-04-13,66.30,68.52,65.00,68.34,16418100,26.80
2010-04-12,69.30,69.83,65.55,66.15,19522700,25.94
2010-04-09,68.48,69.30,67.79,68.47,11836300,26.85
2010-04-08,70.60,70.60,67.56,68.20,14843000,26.74
2010-04-07,70.89,72.27,69.62,70.89,8769900,27.80
2010-04-06,73.21,74.74,70.80,70.90,13871900,27.80
2010-04-02,71.00,73.11,70.00,73.10,10047500,28.66
2010-04-01,68.52,71.55,68.52,70.90,9886600,27.80
2010-03-31,69.70,69.75,68.21,68.79,5959400,26.97
2010-03-30,67.87,70.49,67.87,69.70,12647900,27.33
2010-03-29,67.38,68.85,67.38,67.87,10621700,26.61
2010-03-26,62.49,68.50,62.30,67.03,13338300,26.28
2010-03-25,64.03,64.03,62.50,62.60,6530100,24.55
2010-03-24,64.33,64.58,63.84,64.02,6070100,25.10
2010-03-23,64.61,65.30,63.91,64.32,6207800,25.22
2010-03-22,64.00,64.82,63.60,64.60,4147600,25.33
2010-03-19,63.35,63.86,62.50,63.49,4048700,24.89
2010-03-18,64.08,64.48,63.05,63.23,3846300,24.79
2010-03-17,62.80,64.00,62.80,63.90,4134200,25.06
2010-03-16,61.80,62.60,61.70,62.47,2904600,24.49
2010-03-15,63.00,63.89,61.30,61.80,8005300,24.23
2010-03-12,65.30,65.44,63.16,63.17,7619300,24.77
2010-03-11,65.50,66.08,65.25,65.50,4433800,25.68
2010-03-10,66.70,67.26,65.23,65.75,4666200,25.78
2010-03-09,67.80,67.80,66.50,66.65,5083100,26.13
2010-03-08,66.20,68.19,65.58,67.50,8372700,26.47
2010-03-05,66.55,66.99,65.51,66.00,7420800,25.88
2010-03-04,67.07,69.59,65.43,66.10,11445200,25.92
2010-03-03,67.54,67.55,66.28,67.20,7834300,26.35
2010-03-02,69.00,69.44,66.71,67.57,7901200,26.49
2010-03-01,68.85,70.66,68.73,69.45,5146900,27.23
2010-02-26,67.50,69.93,67.00,68.90,8727400,27.02
2010-02-25,66.05,67.98,65.50,67.80,7179000,26.58
2010-02-24,62.98,66.00,62.30,65.76,7436500,25.78
2010-02-23,63.59,63.87,61.80,63.63,4532900,24.95
2010-02-22,64.49,64.49,62.80,63.59,3864700,24.93
2010-02-18,63.58,63.85,63.01,63.59,3812700,24.93
2010-02-17,63.58,63.85,63.01,63.59,3812700,24.93
2010-02-16,63.58,63.85,63.01,63.59,3812700,24.93
2010-02-15,63.58,63.85,63.01,63.59,3812700,24.93
2010-02-12,63.58,63.85,63.01,63.59,3812700,24.93
2010-02-11,64.00,64.00,63.06,63.15,5309400,24.76
2010-02-10,61.99,63.60,61.99,63.60,6498700,24.94
2010-02-09,60.98,62.01,60.68,61.20,2826900,24.00
2010-02-08,62.16,62.48,61.09,61.60,3613600,24.15
2010-02-05,61.98,63.10,61.00,62.10,5836400,24.35
2010-02-04,64.55,64.58,62.91,63.35,8581500,24.84
2010-02-03,61.99,64.49,59.50,64.36,10114000,25.24
2010-02-02,60.51,62.88,60.51,61.00,13925500,23.92
2010-02-01,64.75,64.75,60.50,60.51,11970600,23.73
2010-01-29,66.28,67.87,64.50,65.10,9456600,25.53
2010-01-28,64.50,67.50,64.50,66.27,6985800,25.98
2010-01-27,63.48,65.90,63.39,64.80,9849600,25.41
2010-01-26,66.32,66.97,63.10,63.90,12547700,25.06
2010-01-25,65.60,67.00,65.30,66.00,11072200,25.88
2010-01-22,70.90,70.90,65.53,66.94,23952700,26.25
2010-01-21,73.90,74.80,71.15,72.16,7736600,28.29
2010-01-20,74.50,76.00,71.60,72.45,8953500,28.41
2010-01-19,75.19,76.85,74.58,74.89,7912200,29.36
2010-01-18,71.80,76.60,71.58,75.72,18156300,29.69
2010-01-15,68.50,72.50,67.80,71.65,12831100,28.09
2010-01-14,68.12,69.66,68.12,68.50,8167400,26.86
2010-01-13,68.90,70.00,67.09,68.12,12969300,26.71
2010-01-12,71.01,71.65,69.11,70.78,9516900,27.75
2010-01-11,69.85,71.49,67.88,71.31,13775900,27.96
2010-01-08,67.90,69.65,66.66,68.88,14733200,27.01
2010-01-07,68.29,69.99,67.00,67.80,21199800,26.58
2010-01-06,62.05,68.59,62.05,67.95,30288300,26.64
2010-01-05,63.85,64.00,62.05,62.35,9663000,24.45
2010-01-04,64.99,65.10,63.30,63.62,8591400,24.95
2009-12-31,64.01,64.70,63.10,64.48,8328300,25.28
2009-12-30,64.21,64.70,62.88,64.20,14961900,25.17
2009-12-28,63.24,64.50,63.24,64.21,12432800,25.18
2009-12-25,62.00,63.50,62.00,63.24,11438100,24.80
2009-12-24,60.24,62.57,60.19,61.99,13155100,24.31
2009-12-23,58.41,60.13,58.25,60.10,6385700,23.57
2009-12-22,56.78,60.81,56.78,58.97,16826600,23.12
2009-12-21,56.32,56.90,56.00,56.45,5401200,22.13
2009-12-18,57.90,57.90,56.38,56.42,8275200,22.12
2009-12-17,59.86,59.98,57.51,57.99,7875700,22.74
2009-12-16,59.92,60.43,59.41,59.80,5314700,23.45
2009-12-15,60.56,60.59,59.80,59.92,5153100,23.50
2009-12-14,61.60,61.69,59.50,60.28,7238700,23.64
2009-12-11,61.10,61.60,60.80,61.59,5206000,24.15
2009-12-10,60.84,61.50,60.22,61.09,5763900,23.95
2009-12-09,60.01,61.90,56.50,60.76,8433100,23.82
2009-12-08,61.19,61.60,59.69,60.50,10852700,23.72
2009-12-07,61.60,62.24,60.90,61.19,9057300,23.99
2009-12-04,60.73,62.02,60.10,61.47,12915900,24.10
2009-12-03,60.93,62.20,59.90,60.66,12044200,23.79
2009-12-02,60.90,61.06,60.01,60.70,7826800,23.80
2009-12-01,60.03,60.98,59.60,60.33,7377900,23.66
2009-11-30,58.20,60.25,58.18,59.93,10463700,23.50
2009-11-27,57.70,59.00,57.12,58.12,10145800,22.79
2009-11-26,61.50,61.69,57.99,58.22,20374200,22.83
2009-11-25,61.88,62.50,58.51,61.47,24503800,24.10
2009-11-24,63.50,65.10,61.85,61.97,21551200,24.30
2009-11-23,62.45,63.46,62.45,63.42,11768800,24.87
2009-11-20,62.89,63.50,62.40,62.50,10416600,24.51
2009-11-19,63.37,63.88,62.10,63.01,14745200,24.71
2009-11-18,64.50,64.90,63.17,63.37,10477100,24.85
2009-11-17,65.30,65.50,64.20,64.39,12572800,25.25
2009-11-16,65.60,66.03,64.40,65.39,20631700,25.64
2009-11-13,62.79,65.02,62.70,64.98,16490400,25.48
2009-11-12,61.92,63.60,61.92,62.67,9735800,24.57
2009-11-11,62.67,62.67,61.76,61.90,8481500,24.27
2009-11-10,63.51,63.90,62.20,62.80,8054500,24.62
2009-11-09,63.01,64.58,62.71,63.20,9108200,24.78
2009-11-06,62.80,63.50,61.60,62.76,11066500,24.61
2009-11-05,63.70,63.78,61.48,62.01,18078200,24.31
2009-11-04,64.55,64.60,62.78,63.80,11708800,25.02
2009-11-03,64.80,66.50,63.20,64.55,14152400,25.31
2009-11-02,61.90,64.88,61.35,64.81,9074300,25.41
2009-10-30,62.70,64.50,62.20,63.27,9453800,24.81
2009-10-29,59.99,62.99,59.50,61.71,10317600,24.20
2009-10-28,61.67,62.32,59.81,60.47,8576600,23.71
2009-10-27,61.35,63.98,60.64,61.67,13858600,24.18
2009-10-26,59.20,62.00,59.20,62.00,15951400,24.31
2009-10-23,57.50,57.99,56.70,57.50,7455200,22.55
2009-10-22,57.49,58.39,56.29,56.58,6542100,22.19
2009-10-21,57.51,58.97,57.20,57.70,7656400,22.62
2009-10-20,56.89,58.30,56.21,57.82,10408900,22.67
2009-10-19,55.99,59.13,55.50,56.90,18043400,22.31
2009-10-16,52.13,56.68,52.13,56.30,20015300,22.08
2009-10-15,53.08,53.40,51.85,52.20,10293300,20.47
2009-10-14,54.09,54.99,52.38,53.00,8437200,20.78
2009-10-13,53.21,54.68,53.00,53.43,5247500,20.95
2009-10-12,52.10,53.90,52.10,53.30,7229300,20.90
2009-10-09,51.00,52.28,50.52,52.01,5294900,20.39
2009-10-08,50.20,50.20,50.20,50.20,000,19.68
2009-10-07,50.20,50.20,50.20,50.20,000,19.68
2009-10-06,50.20,50.20,50.20,50.20,000,19.68
2009-10-05,50.20,50.20,50.20,50.20,000,19.68
2009-10-02,50.20,50.20,50.20,50.20,000,19.68
2009-10-01,50.20,50.20,50.20,50.20,000,19.68
2009-09-30,48.12,50.50,48.12,50.20,8666800,19.68
2009-09-29,48.00,48.89,47.00,47.80,7109200,18.74
2009-09-28,50.65,51.48,47.70,48.49,6832400,19.01
2009-09-25,49.73,51.49,48.86,50.60,6543800,19.84
2009-09-24,50.30,51.44,48.30,50.00,11567600,19.61
2009-09-23,51.20,52.18,49.42,50.60,14076400,19.84
2009-09-22,50.56,54.30,50.26,51.46,22897000,20.18
2009-09-21,47.50,50.62,47.00,50.50,21805100,19.80
2009-09-18,49.15,49.30,46.79,47.97,9874900,18.81
2009-09-17,47.20,49.15,47.10,49.15,10738800,19.27
2009-09-16,47.50,47.80,46.38,47.32,7381400,18.55
2009-09-15,49.05,49.17,47.80,47.92,7930800,18.79
2009-09-14,48.50,49.50,48.30,48.98,9119700,19.21
2009-09-11,47.31,48.90,47.31,48.39,13904400,18.97
2009-09-10,49.40,49.85,47.60,47.86,11928700,18.77
2009-09-09,44.88,49.40,44.80,49.40,34729700,19.37
2009-09-08,42.90,45.55,42.01,44.91,16122200,17.61
2009-09-07,42.98,43.55,42.52,42.90,7708300,16.82
2009-09-04,41.74,42.88,41.60,42.46,8506300,16.65
2009-09-03,39.66,41.76,39.66,41.75,7404100,16.37
2009-09-02,39.22,40.10,39.15,39.61,6636300,15.53
2009-09-01,38.40,40.30,38.20,39.68,12090300,15.56
2009-08-31,41.50,42.38,38.30,38.60,15911300,15.14
2009-08-28,42.00,43.00,40.80,41.30,8722400,16.19
2009-08-27,41.27,42.18,40.80,41.51,5536200,16.28
2009-08-26,40.05,41.56,39.60,41.22,8667700,16.16
2009-08-25,40.91,41.20,38.97,40.07,6360900,15.71
2009-08-24,41.49,41.90,40.70,41.15,4864600,16.14
2009-08-21,40.50,42.20,40.35,41.03,9142200,16.09
2009-08-20,37.56,41.20,37.56,41.15,13098800,16.14
2009-08-19,39.95,40.40,37.80,38.80,13302700,15.21
2009-08-18,41.02,41.02,41.02,41.02,000,16.08
2009-08-17,41.02,41.02,41.02,41.02,000,16.08
2009-08-14,42.30,42.82,40.90,41.02,6422300,16.08
2009-08-13,41.70,43.19,41.20,42.50,9989000,16.66
2009-08-12,44.49,44.50,41.00,42.00,10333300,16.47
2009-08-11,43.00,45.08,43.00,44.15,10059800,17.31
2009-08-10,42.15,43.00,41.89,42.95,9940300,16.84
2009-08-07,43.65,44.21,41.99,42.05,8369700,16.49
2009-08-06,45.33,45.37,43.10,43.42,7981100,16.90
2009-08-05,45.69,47.65,45.20,45.32,14452600,17.64
2009-08-04,43.99,45.87,43.30,45.60,19537500,17.75
2009-08-03,42.85,44.02,42.00,43.70,14087000,17.01
2009-07-31,41.61,43.30,41.61,42.45,16018100,16.53
2009-07-30,40.10,41.70,39.01,41.60,13726800,16.19
2009-07-29,41.89,42.39,37.70,39.90,14993200,15.53
2009-07-28,42.51,42.75,41.25,41.89,16945300,16.31
2009-07-27,42.83,43.13,42.13,42.78,10544600,16.65
2009-07-24,41.46,43.25,41.40,42.62,20875700,16.59
2009-07-23,41.20,41.90,40.88,41.20,12882600,16.04
2009-07-22,41.37,42.42,40.90,41.00,13093900,15.96
2009-07-21,42.53,42.55,41.34,41.38,10000000,16.11
2009-07-20,42.54,42.88,41.55,42.62,12156300,16.59
2009-07-17,43.22,44.12,41.90,42.27,12635700,16.46
2009-07-16,43.60,44.69,42.85,43.10,14111900,16.78
2009-07-15,44.64,44.64,43.34,43.60,11490500,16.97
2009-07-14,42.93,44.97,42.15,44.64,21590100,17.38
2009-07-13,39.50,43.34,39.20,42.45,16039700,16.53
2009-07-10,37.45,40.88,37.45,40.00,23087200,15.57
2009-07-09,35.98,37.50,35.80,37.16,13899000,14.47
2009-07-08,36.35,36.35,35.52,36.00,8647500,14.01
2009-07-07,36.00,37.15,35.66,36.70,14085700,14.29
2009-07-06,35.72,36.00,34.94,35.85,14489600,13.96
2009-07-03,36.51,36.52,35.20,35.75,14226600,13.92
2009-07-02,36.71,37.24,36.45,36.67,7935500,14.28
2009-07-01,36.21,37.39,36.12,36.68,11250900,14.28
2009-06-30,36.85,37.55,36.39,36.43,10988700,14.18
2009-06-29,35.24,37.22,35.02,36.96,15468000,14.39
2009-06-26,35.44,36.30,35.30,35.34,6729600,13.76
2009-06-25,35.88,36.77,35.11,35.43,13504800,13.79
2009-06-24,34.00,35.81,33.61,35.69,25998400,13.89
2009-06-23,33.79,34.30,33.30,34.02,6811600,13.24
2009-06-22,34.91,35.43,33.88,34.00,9050500,13.24
2009-06-19,34.76,34.76,34.76,34.76,000,13.53
2009-06-18,33.78,35.18,33.67,34.76,13796100,13.53
2009-06-17,33.10,34.08,32.90,33.80,9275000,13.16
2009-06-16,33.27,33.27,32.87,33.10,4986600,12.89
2009-06-15,33.00,34.00,32.82,33.48,8024300,13.03
2009-06-12,33.68,33.89,32.72,32.83,7271700,12.78
2009-06-11,34.18,34.59,33.50,33.57,6813200,13.07
2009-06-10,33.07,34.19,33.07,34.13,11351800,13.29
2009-06-09,33.52,34.00,32.56,33.15,11722800,12.90
2009-06-08,33.80,34.16,33.35,33.51,8434900,13.05
2009-06-05,34.75,34.76,33.58,33.71,19442000,13.12
2009-06-04,35.01,35.01,34.13,34.74,9803400,13.52
2009-06-03,34.95,35.42,34.60,34.90,13359500,13.59
2009-06-02,35.38,35.47,34.50,34.80,10071000,13.55
2009-06-01,34.85,35.80,34.50,35.28,8607800,13.73
2009-05-29,34.55,34.55,34.55,34.55,000,13.45
2009-05-28,34.55,34.55,34.55,34.55,000,13.45
2009-05-27,35.32,35.57,34.48,34.55,7841800,13.45
2009-05-26,35.96,35.98,35.00,35.15,12981600,13.68
2009-05-25,36.00,37.50,35.55,35.99,18488000,14.01
2009-05-22,35.15,36.38,34.75,35.91,8695600,13.98
2009-05-21,35.90,35.90,35.00,35.22,6714100,13.71
2009-05-20,36.80,37.75,35.86,35.92,8776300,13.98
2009-05-19,35.09,37.98,35.09,36.66,24139200,14.27
2009-05-18,33.00,35.55,33.00,35.05,11856900,13.64
2009-05-15,33.36,33.70,33.00,33.19,7940000,12.92
2009-05-14,33.64,33.90,33.06,33.38,6555500,12.99
2009-05-13,33.70,34.30,33.36,34.00,10117800,13.24
2009-05-12,33.70,33.72,32.90,33.50,8511100,13.04
2009-05-11,34.58,35.36,33.83,33.90,8680600,13.20
2009-05-08,34.88,35.10,34.40,34.55,9023100,13.45
2009-05-07,35.83,36.00,34.78,34.91,11692200,13.59
2009-05-06,34.85,36.45,34.56,35.86,16149700,13.96
2009-05-05,35.18,35.18,34.35,34.95,13517500,13.61
2009-05-04,32.77,35.20,32.77,34.95,19847200,13.61
2009-05-01,32.74,32.74,32.74,32.74,000,12.75
2009-04-30,32.25,33.35,32.25,32.74,14096000,12.75
2009-04-29,31.00,32.70,30.90,32.25,12563300,12.55
2009-04-28,31.00,32.15,30.03,31.00,22272400,12.07
2009-04-27,32.57,33.64,31.91,33.37,18306100,12.99
2009-04-24,31.51,32.36,31.50,31.80,7961400,12.38
2009-04-23,31.00,31.50,30.50,31.23,9095600,12.16
2009-04-22,33.01,33.73,31.00,31.36,13672700,12.21
2009-04-21,33.47,33.69,32.11,32.95,10117500,12.83
2009-04-20,33.05,33.98,32.65,33.70,6805700,13.12
2009-04-17,34.24,34.24,32.81,33.07,10419200,12.87
2009-04-16,33.50,34.40,33.50,34.28,16882000,13.34
2009-04-15,33.57,33.90,32.62,33.38,11296000,12.99
2009-04-14,32.06,34.55,31.70,33.90,20651500,13.20
2009-04-13,32.10,32.47,31.78,32.05,16100800,12.48
2009-04-10,31.31,31.99,31.00,31.87,11636500,12.41
2009-04-09,30.60,31.20,30.60,31.10,8622100,12.11
2009-04-08,31.51,32.30,30.70,30.70,13307100,11.95
2009-04-07,32.60,32.85,31.58,31.70,13065000,12.34
2009-04-06,32.50,32.50,32.50,32.50,000,12.65
2009-04-03,33.48,33.49,32.40,32.50,15984800,12.65
2009-04-02,32.20,33.32,31.85,33.00,20914100,12.85
2009-04-01,31.65,32.32,31.65,32.00,14345200,12.46
2009-03-31,31.08,31.82,30.60,31.48,13544800,12.25
2009-03-30,31.30,32.40,31.20,31.85,19870200,12.40
2009-03-27,31.50,31.60,30.68,31.17,18266100,12.13
2009-03-26,30.28,30.74,29.02,30.66,13845900,11.94
2009-03-25,30.98,31.32,30.28,30.28,16976800,11.79
2009-03-24,31.40,31.99,31.06,31.38,18237000,12.22
2009-03-23,29.28,31.24,29.20,30.70,22512300,11.95
2009-03-20,30.07,30.16,28.81,29.30,14630100,11.41
2009-03-19,29.81,30.34,29.70,30.09,15542800,11.71
2009-03-18,28.54,30.65,28.54,29.81,25456000,11.60
2009-03-17,27.80,28.60,27.75,28.51,16740100,11.10
2009-03-16,27.46,27.46,27.46,27.46,000,10.69
2009-03-13,27.46,27.46,27.46,27.46,000,10.69
2009-03-12,27.46,27.46,27.46,27.46,000,10.69
2009-03-11,29.46,29.46,27.18,27.46,19083800,10.69
2009-03-10,27.80,27.80,27.80,27.80,000,10.82
2009-03-09,27.80,27.80,27.80,27.80,000,10.82
2009-03-06,27.80,27.80,27.80,27.80,000,10.82
2009-03-05,28.90,28.98,27.27,27.80,19255400,10.82
2009-03-04,26.10,28.18,26.10,28.03,20354100,10.91
2009-03-03,24.35,26.59,24.04,25.99,19968100,10.12
2009-03-02,24.35,25.35,23.88,25.10,13622000,9.77
2009-02-27,25.24,25.90,23.41,24.45,18576100,9.52
2009-02-26,28.20,28.49,25.50,26.01,21257500,10.13
2009-02-25,29.61,30.33,27.30,28.17,36670700,10.97
2009-02-24,30.50,31.29,29.00,29.46,57867100,11.47
2009-02-23,28.49,28.49,28.49,28.49,9515000,11.09
2009-02-20,25.90,25.90,25.90,25.90,000,10.08
2009-02-19,25.90,25.90,25.90,25.90,000,10.08
2009-02-18,26.45,27.25,25.89,25.90,25646400,10.08
2009-02-17,28.10,28.30,26.96,27.00,28876200,10.51
2009-02-16,28.58,28.80,27.50,28.45,36234900,11.08
2009-02-12,26.93,28.00,25.96,27.18,32300700,10.58
2009-02-11,26.73,26.73,26.73,26.73,000,10.41
2009-02-10,26.80,26.80,25.90,26.73,22342800,10.41
2009-02-09,26.18,27.20,26.18,26.87,28559300,10.46
2009-02-06,25.40,26.14,25.30,25.96,27449100,10.11
2009-02-05,26.44,26.49,25.17,25.45,28464600,9.91
2009-02-04,27.01,27.26,25.82,26.46,34689600,10.30
2009-02-03,26.25,27.27,26.05,26.95,15893600,10.49
2009-02-02,25.90,26.69,25.55,26.50,15651200,10.32
2009-01-23,25.84,26.40,25.08,25.83,15318800,10.06
2009-01-22,25.69,26.50,25.21,25.82,21405200,10.05
2009-01-21,23.30,25.75,23.18,25.69,35148500,10.00
2009-01-20,22.98,23.83,22.40,23.73,19676800,9.24
2009-01-19,22.91,23.66,22.01,22.98,17082400,8.95
2009-01-16,22.10,24.08,22.01,22.75,23201800,8.86
2009-01-15,20.90,22.25,20.80,22.10,25688300,8.60
2009-01-14,20.45,21.05,20.22,21.00,15235900,8.18
2009-01-13,20.28,21.16,20.00,20.47,14857400,7.97
2009-01-12,20.36,20.80,20.10,20.37,10096300,7.93
2009-01-09,19.79,20.45,19.61,20.36,11408900,7.93
2009-01-08,20.00,20.26,19.70,19.80,13268300,7.71
2009-01-07,20.36,20.77,19.90,20.30,20637500,7.90
2009-01-06,19.08,20.55,18.82,20.35,20060000,7.92
2009-01-05,18.24,19.05,18.24,19.03,9158300,7.41
2009-01-02,17.98,17.98,17.98,17.98,000,7.00
2009-01-01,17.98,17.98,17.98,17.98,000,7.00
2008-12-31,17.91,18.20,17.85,17.98,5002900,7.00
2008-12-30,17.76,18.28,17.76,17.90,5988400,6.97
2008-12-29,18.69,18.69,17.60,18.04,8651800,7.02
2008-12-26,18.85,18.97,18.55,18.70,5051900,7.28
2008-12-25,18.68,19.00,18.45,18.75,6568100,7.30
2008-12-24,18.78,18.97,18.48,18.59,9231400,7.24
2008-12-23,20.55,20.60,19.00,19.03,17082200,7.41
2008-12-22,20.91,20.95,20.10,20.69,13684800,8.05
2008-12-19,19.84,21.08,19.84,20.65,21614400,8.04
2008-12-18,19.60,19.80,19.20,19.70,9995200,7.67
2008-12-17,19.55,20.13,19.07,19.66,14099700,7.65
2008-12-16,19.83,19.83,18.04,19.60,16309100,7.63
2008-12-15,33.75,33.99,31.50,31.93,18142900,7.77
2008-12-12,33.48,34.75,31.40,33.00,24954800,8.03
2008-12-11,33.99,35.00,33.69,33.71,18552400,8.20
2008-12-10,33.80,34.61,32.19,34.40,21667100,8.37
2008-12-09,34.00,34.80,32.89,33.58,32607700,8.17
2008-12-08,32.20,33.24,32.20,33.24,36752900,8.09
2008-12-05,29.46,30.48,29.20,30.22,12247900,7.35
2008-12-04,29.81,31.05,29.43,29.45,27897200,7.17
2008-12-03,27.81,29.45,27.80,29.41,18156200,7.16
2008-12-02,27.00,28.09,26.80,27.65,8921800,6.73
2008-12-01,27.00,27.90,26.40,27.80,9824100,6.76
2008-11-28,27.20,27.50,26.61,26.84,6483500,6.53
2008-11-27,28.95,29.25,27.36,27.41,15621100,6.67
2008-11-26,26.83,27.46,26.31,26.83,7142700,6.53
2008-11-25,27.41,27.88,26.20,27.10,10201800,6.59
2008-11-24,29.15,29.48,26.66,26.69,17666100,6.49
2008-11-21,29.00,30.40,27.90,29.10,19661300,7.08
2008-11-20,28.16,31.12,27.89,29.94,27377200,7.28
2008-11-19,26.00,28.88,25.88,28.88,21876700,7.03
2008-11-18,29.00,29.10,26.25,26.25,26133500,6.39
2008-11-17,27.98,29.50,27.60,29.17,20714000,7.10
2008-11-14,27.20,28.27,26.66,28.00,24849800,6.81
2008-11-13,25.29,27.30,24.75,26.84,24479300,6.53
2008-11-12,25.10,25.96,24.81,25.63,10458600,6.24
2008-11-11,24.80,26.40,24.60,25.30,23648200,6.16
2008-11-10,22.90,24.63,22.88,24.63,18794200,5.99
2008-11-07,21.58,22.57,21.42,22.39,5982500,5.45
2008-11-06,22.00,22.34,21.81,22.11,4800300,5.38
2008-11-05,22.00,23.28,22.00,22.80,13280000,5.55
2008-11-04,23.00,23.00,21.88,21.90,8136400,5.33
2008-11-03,23.04,23.04,23.04,23.04,000,5.61
2008-10-31,23.50,23.52,22.81,23.04,6000000,5.61
2008-10-30,22.99,24.02,21.76,23.55,13467600,5.73
2008-10-29,25.50,25.64,22.90,22.90,13485300,5.57
2008-10-28,23.70,25.38,23.41,24.92,13727900,6.06
2008-10-27,26.50,26.50,24.65,24.65,14834000,6.00
2008-10-24,29.60,29.65,27.00,27.39,16949500,6.66
2008-10-23,30.00,30.49,28.81,29.59,14567700,7.20
2008-10-22,31.67,32.10,30.80,31.00,8617400,7.54
2008-10-21,32.70,33.00,32.03,32.10,7144200,7.81
2008-10-20,32.00,32.78,30.80,32.53,6720900,7.91
2008-10-17,32.89,32.89,31.50,31.90,7351900,7.76
2008-10-16,33.80,33.85,32.00,32.01,6872300,7.79
2008-10-15,35.40,35.47,34.80,34.99,3458600,8.51
2008-10-14,37.45,37.90,35.08,35.11,5829500,8.54
2008-10-13,34.25,36.24,32.80,36.21,7233800,8.81
2008-10-10,34.90,35.25,34.20,34.23,6225400,8.33
2008-10-09,36.60,36.88,36.15,36.29,7433700,8.83
2008-10-08,36.50,36.81,35.65,36.00,7166400,8.76
2008-10-07,35.95,37.42,35.61,37.00,5854700,9.00
2008-10-06,38.50,38.50,37.18,37.18,8996200,9.05
2008-10-03,38.89,38.89,38.89,38.89,000,9.46
2008-10-02,38.89,38.89,38.89,38.89,000,9.46
2008-10-01,38.89,38.89,38.89,38.89,000,9.46
2008-09-30,38.89,38.89,38.89,38.89,000,9.46
2008-09-29,38.89,38.89,38.89,38.89,000,9.46
2008-09-26,37.99,39.19,37.80,38.89,18643800,9.46
2008-09-25,36.01,38.00,36.00,37.48,12758500,9.12
2008-09-24,35.71,35.77,34.84,35.77,6738500,8.70
2008-09-23,36.60,37.20,36.23,36.25,11221100,8.82
2008-09-22,38.75,39.85,36.50,38.30,26227700,9.32
2008-09-19,36.20,36.23,35.60,36.23,9883000,8.81
2008-09-18,34.70,34.99,31.76,32.94,14322200,8.01
2008-09-17,35.10,36.07,34.86,35.29,8812600,8.59
2008-09-16,35.00,35.75,34.60,35.06,8611600,8.53
2008-09-15,35.45,35.45,35.45,35.45,000,8.63
2008-09-12,34.65,35.80,34.60,35.45,6362900,8.63
2008-09-11,35.00,35.88,34.43,34.65,4190900,8.43
2008-09-10,34.50,36.35,34.25,35.16,5437600,8.55
2008-09-09,34.50,35.39,34.00,34.88,5745700,8.49
2008-09-08,35.48,35.74,34.18,34.23,6236300,8.33
2008-09-05,35.90,36.20,35.06,35.15,7545700,8.55
2008-09-04,36.50,37.41,36.02,36.96,3485000,8.99
2008-09-03,37.68,38.05,35.86,36.36,9302900,8.85
2008-09-02,37.79,38.49,37.20,37.68,5976700,9.17
2008-09-01,39.85,39.85,37.98,38.10,9250000,9.27
2008-08-29,38.65,40.29,38.55,39.98,12252000,9.73
2008-08-28,37.79,38.85,37.32,38.49,6142000,9.36
2008-08-27,37.99,38.89,37.25,37.65,6503700,9.16
2008-08-26,37.95,38.28,37.15,38.23,9853200,9.30
2008-08-25,40.00,40.20,38.55,38.70,12380400,9.42
2008-08-22,38.00,40.35,37.88,39.88,17948200,9.70
2008-08-21,40.37,40.37,38.50,38.50,34636700,9.37
2008-08-20,36.70,36.70,36.70,36.70,000,8.93
2008-08-19,35.15,36.80,35.15,36.70,6264800,8.93
2008-08-18,36.88,37.00,35.38,35.62,6742800,8.67
2008-08-15,35.55,37.20,34.96,36.82,9911600,8.96
2008-08-14,36.00,36.50,35.78,35.90,8263400,8.32
2008-08-13,36.60,36.61,34.63,36.00,7845500,8.35
2008-08-12,36.02,37.10,35.88,36.60,4826200,8.49
2008-08-11,40.00,40.40,36.40,36.60,9827800,8.49
2008-08-08,42.67,43.10,39.80,40.10,6013300,9.30
2008-08-07,42.89,43.45,42.05,42.56,4738500,9.87
2008-08-06,42.88,43.46,41.80,42.97,4936700,9.96
2008-08-05,43.06,43.74,42.20,42.35,5023100,9.82
2008-08-04,44.29,44.35,43.05,43.05,4168200,9.98
2008-08-01,43.35,44.93,42.90,44.40,5078100,10.29
2008-07-31,45.51,45.60,43.60,43.60,6520800,10.11
2008-07-30,45.29,46.15,44.70,45.00,6945000,10.43
2008-07-29,45.80,45.80,44.27,44.53,7800500,10.32
2008-07-28,46.78,47.36,46.01,46.19,8889600,10.71
2008-07-25,45.49,46.62,44.99,46.05,11408700,10.68
2008-07-24,46.01,46.41,44.91,45.81,14484500,10.62
2008-07-23,44.56,45.30,43.52,43.91,9134000,10.18
2008-07-22,44.08,45.19,43.75,44.39,9582600,10.29
2008-07-21,42.00,44.30,41.81,44.08,11503100,10.22
2008-07-18,41.69,43.04,40.80,42.60,9936900,9.88
2008-07-17,42.31,43.00,40.93,41.34,7807600,9.58
2008-07-16,42.95,43.33,40.50,41.32,10331900,9.58
2008-07-15,46.12,46.40,43.35,43.36,14377000,10.05
2008-07-14,45.88,46.45,44.91,46.01,11525300,10.67
2008-07-11,46.55,48.28,45.80,46.45,15888800,10.77
2008-07-10,45.30,49.77,44.88,47.00,25751900,10.90
2008-07-09,45.45,46.58,44.49,46.20,24818400,10.71
2008-07-08,44.60,45.80,43.90,45.00,20983300,10.43
2008-07-07,41.74,44.00,41.60,43.82,15262700,10.16
2008-07-04,41.89,42.35,40.80,41.30,5885200,9.58
2008-07-03,40.40,43.31,39.00,42.00,13336200,9.74
2008-07-02,40.99,41.41,40.22,40.75,5129400,9.45
2008-07-01,40.20,41.90,39.78,40.41,9530900,9.37
2008-06-30,40.01,41.40,38.90,40.30,8517900,9.34
2008-06-27,42.45,42.98,40.48,40.80,11516200,9.46
2008-06-26,44.20,45.50,43.20,44.31,13297600,10.27
2008-06-25,41.86,44.58,41.63,44.52,14371600,10.32
2008-06-24,41.00,42.45,40.72,42.00,6181100,9.74
2008-06-23,41.94,43.00,41.01,41.51,6599500,9.62
2008-06-20,40.90,46.50,40.50,41.93,21744200,9.72
2008-06-19,44.25,44.25,44.25,44.25,000,10.26
2008-06-18,40.72,44.48,40.02,44.25,15000500,10.26
2008-06-17,42.35,43.12,40.65,40.71,7118300,9.44
2008-06-16,44.48,45.00,41.09,42.35,9244300,9.82
2008-06-13,47.42,47.99,44.36,44.40,7225500,10.29
2008-06-12,49.00,49.70,46.18,47.43,8931700,11.00
2008-06-11,50.03,52.00,48.59,48.89,8121300,11.34
2008-06-10,56.00,56.00,52.11,52.11,9673100,12.08
2008-06-09,57.90,57.90,57.90,57.90,000,13.42
2008-06-06,58.30,58.50,57.50,57.90,4777300,13.42
2008-06-05,57.95,58.60,57.82,58.10,2818300,13.47
2008-06-04,59.01,59.01,57.88,58.62,3950800,13.59
2008-06-03,59.20,59.59,58.41,59.01,3815600,13.68
2008-06-02,59.49,59.60,58.48,59.20,4784300,13.73
2008-05-30,59.31,60.10,58.88,59.71,6962400,13.84
2008-05-29,61.39,61.40,59.10,59.25,7374000,13.74
2008-05-28,61.30,62.29,59.99,61.35,11485500,14.22
2008-05-27,58.74,61.26,58.25,61.26,15959000,14.20
2008-05-26,60.04,60.70,58.62,58.72,7816400,13.61
2008-05-23,61.95,62.43,59.81,60.38,7026100,14.00
2008-05-22,63.37,63.37,61.80,61.95,10345900,14.36
2008-05-21,63.10,64.10,61.55,63.37,12280900,14.69
2008-05-20,67.50,68.40,63.20,63.65,9904200,14.76
2008-05-19,68.40,68.50,66.50,67.50,7288300,15.65
2008-05-16,67.31,69.97,66.95,68.50,16322000,15.88
2008-05-15,66.70,69.39,66.67,67.00,12249800,15.53
2008-05-14,63.99,66.72,63.90,66.22,9889100,15.35
2008-05-13,63.56,65.39,63.05,64.01,10973500,14.84
2008-05-12,64.85,66.20,62.40,65.47,13879900,15.18
2008-05-09,67.22,68.42,64.50,65.30,15677600,15.14
2008-05-08,64.80,67.59,63.66,67.08,13546500,15.55
2008-05-07,69.30,70.88,65.50,65.60,21719600,15.21
2008-05-06,72.78,72.78,69.21,69.83,25189900,16.19
2008-05-05,74.99,74.99,70.85,72.85,34999500,16.89
2008-05-02,70.15,70.15,70.15,70.15,000,16.26
2008-05-01,70.15,70.15,70.15,70.15,000,16.26
2008-04-30,57.59,70.28,57.59,70.15,38547800,16.26
2008-04-29,63.99,63.99,63.99,63.99,000,14.84
2008-04-28,63.99,63.99,63.99,63.99,000,14.84
2008-04-25,63.99,63.99,63.99,63.99,000,14.84
2008-04-24,63.99,63.99,63.99,63.99,000,14.84
2008-04-23,63.99,63.99,63.99,63.99,000,14.84
2008-04-22,63.99,63.99,63.99,63.99,000,14.84
2008-04-21,63.99,63.99,63.99,63.99,000,14.84
2008-04-18,63.99,63.99,63.99,63.99,000,14.84
2008-04-17,63.99,63.99,63.99,63.99,000,14.84
2008-04-16,63.99,63.99,63.99,63.99,000,14.84
2008-04-15,63.99,63.99,63.99,63.99,000,14.84
2008-04-14,63.99,63.99,63.99,63.99,000,14.84
2008-04-11,63.99,63.99,63.99,63.99,000,14.84
2008-04-10,63.99,63.99,63.99,63.99,000,14.84
2008-04-09,63.99,63.99,63.99,63.99,000,14.84
2008-04-08,63.99,63.99,63.99,63.99,000,14.84
2008-04-07,63.99,63.99,63.99,63.99,000,14.84
2008-04-04,63.99,63.99,63.99,63.99,000,14.84
2008-04-03,63.99,63.99,63.99,63.99,000,14.84
2008-04-02,63.99,63.99,63.99,63.99,000,14.84
2008-04-01,63.99,63.99,63.99,63.99,000,14.84
2008-03-31,63.99,63.99,63.99,63.99,000,14.84
2008-03-28,63.99,63.99,63.99,63.99,000,14.84
2008-03-27,63.99,63.99,63.99,63.99,000,14.84
2008-03-26,63.99,63.99,63.99,63.99,000,14.84
2008-03-25,63.99,63.99,63.99,63.99,000,14.84
2008-03-24,63.99,63.99,63.99,63.99,000,14.84
2008-03-21,63.99,63.99,63.99,63.99,000,14.84
2008-03-20,63.99,63.99,63.99,63.99,000,14.84
2008-03-19,63.99,63.99,63.99,63.99,000,14.84
2008-03-18,63.99,63.99,63.99,63.99,000,14.84
2008-03-17,63.99,63.99,63.99,63.99,000,14.84
2008-03-14,63.99,63.99,63.99,63.99,000,14.84
2008-03-13,63.99,63.99,63.99,63.99,000,14.84
2008-03-12,63.99,63.99,63.99,63.99,000,14.84
2008-03-11,66.00,66.00,61.90,63.99,19468200,14.84
2008-03-10,67.60,68.65,65.40,66.00,11934700,15.30
2008-03-07,69.50,69.50,67.38,67.45,13699800,15.64
2008-03-06,70.95,71.80,68.31,70.00,15386100,16.23
2008-03-05,73.20,73.80,68.80,70.75,13825900,16.40
2008-03-04,76.99,76.99,73.56,73.79,12458700,17.11
2008-03-03,75.00,76.74,74.00,76.13,10231800,17.65
2008-02-29,75.00,76.09,74.11,75.48,5565300,17.50
2008-02-28,77.20,77.48,74.80,75.03,8629500,17.40
2008-02-27,76.50,78.29,75.80,77.21,3156700,17.90
2008-02-26,77.70,79.59,73.60,75.80,4777800,17.57
2008-02-25,81.50,81.50,76.08,76.18,3803600,17.66
2008-02-22,82.60,83.23,80.00,80.60,4551800,18.69
2008-02-21,82.80,83.60,82.01,82.96,4398300,19.23
2008-02-20,83.98,86.10,82.50,83.00,6343400,19.24
2008-02-19,81.50,84.55,81.10,83.61,3793500,19.39
2008-02-18,81.09,82.73,81.00,81.58,3682200,18.91
2008-02-15,80.39,80.67,79.01,80.48,2542100,18.66
2008-02-14,80.00,81.50,79.60,80.80,3488500,18.73
2008-02-13,81.65,81.65,78.66,79.55,3569700,18.44
2008-02-12,82.48,82.48,82.48,82.48,000,19.12
2008-02-11,82.48,82.48,82.48,82.48,000,19.12
2008-02-08,82.48,82.48,82.48,82.48,000,19.12
2008-02-07,82.48,82.48,82.48,82.48,000,19.12
2008-02-06,82.48,82.48,82.48,82.48,000,19.12
2008-02-05,82.51,84.50,81.18,82.48,4558100,19.12
2008-02-04,80.00,83.38,78.29,82.95,7891000,19.23
2008-02-01,78.10,79.95,73.50,76.80,6457500,17.81
2008-01-31,80.88,80.90,78.50,79.10,5049300,18.34
2008-01-30,83.21,84.00,80.90,81.09,5755900,18.80
2008-01-29,82.30,84.68,81.55,82.50,8814500,19.13
2008-01-28,81.00,84.85,78.68,82.51,16305700,19.13
2008-01-25,83.60,84.98,81.00,81.81,6358800,18.97
2008-01-24,80.45,84.48,78.80,83.60,14332700,19.38
2008-01-23,77.80,80.50,76.40,79.00,12403500,18.32
2008-01-22,80.00,82.40,75.60,76.00,14808000,17.62
2008-01-21,90.60,90.60,83.62,83.76,12535300,19.42
2008-01-18,90.08,91.17,88.55,90.51,6524100,20.99
2008-01-17,88.90,91.80,87.00,90.97,15153400,21.09
2008-01-16,93.10,94.35,89.20,89.55,13937600,20.76
2008-01-15,96.98,97.00,94.59,94.60,9451700,21.93
2008-01-14,97.65,98.09,95.10,97.15,12398600,22.52
2008-01-11,95.50,97.25,94.00,97.05,12102700,22.50
2008-01-10,95.50,96.81,94.02,95.80,12444500,22.21
2008-01-09,93.98,96.97,93.00,95.50,22456100,22.14
2008-01-08,86.00,94.11,86.00,92.40,29193200,21.42
2008-01-07,86.51,86.95,85.47,85.61,11896500,19.85
2008-01-04,84.29,86.80,84.29,86.37,7932600,20.03
2008-01-03,84.89,85.61,83.73,84.00,10331100,19.48
2008-01-02,86.70,86.70,84.54,84.88,8104900,19.68
2008-01-01,86.60,86.60,86.60,86.60,000,20.08
2007-12-31,86.60,86.60,86.60,86.60,000,20.08
2007-12-28,87.20,87.50,85.30,86.60,6119300,20.08
2007-12-27,87.50,88.31,86.95,87.18,8048000,20.21
2007-12-26,85.00,87.17,84.81,86.97,11683400,20.16
2007-12-25,86.66,87.15,84.34,85.00,10814300,19.71
2007-12-24,83.95,83.95,83.95,83.95,000,19.46
2007-12-21,82.00,83.99,81.40,83.95,6694400,19.46
2007-12-20,82.00,82.50,81.15,81.95,3620900,19.00
2007-12-19,79.20,81.15,79.00,81.12,4733600,18.81
2007-12-18,77.00,80.00,77.00,79.00,5802500,18.32
2007-12-17,79.40,79.50,77.80,78.00,6676700,18.08
2007-12-14,78.45,79.80,76.50,79.70,8061100,18.48
2007-12-13,83.20,83.20,78.80,78.98,8272200,18.31
2007-12-12,83.00,83.50,81.40,83.50,5340700,19.36
2007-12-11,82.11,84.11,82.09,82.72,8381800,19.18
2007-12-10,79.14,82.72,78.85,82.00,7026000,19.01
2007-12-07,80.00,81.66,78.85,80.59,4153300,18.69
2007-12-06,80.30,81.30,78.99,79.30,3672300,18.39
2007-12-05,78.30,80.78,77.64,80.18,5331300,18.59
2007-12-04,77.80,78.90,77.80,78.30,3661500,18.15
2007-12-03,76.39,78.60,75.60,77.47,3971000,17.96
2007-11-30,78.30,78.79,75.70,76.39,6231400,17.71
2007-11-29,76.03,78.29,75.40,77.89,7316000,18.06
2007-11-28,78.00,78.95,73.00,75.38,5292700,17.48
2007-11-27,79.60,79.61,77.11,78.00,5896600,18.08
2007-11-26,81.81,82.29,80.00,80.00,5712200,18.55
2007-11-23,80.70,81.47,79.00,80.22,6934900,18.60
2007-11-22,83.01,83.70,80.50,80.89,6561000,18.75
2007-11-21,86.00,87.30,84.50,84.61,4853100,19.62
2007-11-20,84.00,86.15,83.00,85.50,7347700,19.82
2007-11-19,83.02,85.20,82.40,84.70,6005800,19.64
2007-11-16,83.00,84.06,81.51,83.90,7348800,19.45
2007-11-15,86.00,86.59,83.96,84.20,8715800,19.52
2007-11-14,84.20,86.40,82.15,86.00,9028700,19.94
2007-11-13,85.00,86.25,81.80,82.88,11271900,19.22
2007-11-12,86.80,88.50,81.81,84.00,12576700,19.48
2007-11-09,87.90,90.50,86.70,88.34,12901000,20.48
2007-11-08,92.47,93.00,86.60,86.80,19198000,20.13
2007-11-07,94.78,96.55,91.05,91.95,16934000,21.32
2007-11-06,104.68,104.68,94.50,95.50,27659400,22.14
2007-11-05,97.01,107.82,96.33,104.89,25294900,24.32
2007-11-02,101.00,102.99,97.27,98.02,16866600,22.73
2007-11-01,99.00,104.77,98.28,102.61,21325100,23.79
2007-10-31,99.10,102.88,98.10,99.20,25623500,23.00
2007-10-30,95.00,97.98,93.70,97.70,16058700,22.65
2007-10-29,95.50,97.40,93.01,93.60,12633500,21.70
2007-10-26,93.88,97.28,92.00,94.09,16128100,21.82
2007-10-25,92.00,96.53,89.00,94.70,17412600,21.96
2007-10-24,91.38,93.63,89.89,91.95,11914600,21.32
2007-10-23,89.99,91.49,88.20,91.00,8234400,21.10
2007-10-22,90.40,92.98,89.00,90.00,10738100,20.87
2007-10-19,95.00,95.40,91.10,91.65,12442700,21.25
2007-10-18,98.00,100.00,93.10,93.85,11049600,21.76
2007-10-17,97.20,99.98,96.71,97.41,11231200,22.58
2007-10-16,101.00,102.00,98.00,98.20,15176600,22.77
2007-10-15,98.30,101.93,96.00,100.00,29997700,23.19
2007-10-12,91.50,98.60,90.00,97.20,25839000,22.54
2007-10-11,92.10,92.39,89.90,90.52,12945300,20.99
2007-10-10,91.00,94.20,89.81,92.00,21832100,21.33
2007-10-09,92.21,92.21,89.90,90.66,12728400,21.02
2007-10-08,96.12,97.17,92.50,92.61,14014700,21.47
2007-10-05,93.80,93.80,93.80,93.80,000,21.75
2007-10-04,93.80,93.80,93.80,93.80,000,21.75
2007-10-03,93.80,93.80,93.80,93.80,000,21.75
2007-10-02,93.80,93.80,93.80,93.80,000,21.75
2007-10-01,93.80,93.80,93.80,93.80,000,21.75
2007-09-28,92.00,95.00,90.50,93.80,10471200,21.75
2007-09-27,89.10,91.00,88.50,90.35,9164900,20.95
2007-09-26,89.00,91.50,88.00,88.88,9905100,20.61
2007-09-25,91.49,91.50,88.35,88.71,16643100,20.57
2007-09-24,93.40,93.99,90.00,90.93,8908600,21.08
2007-09-21,94.50,94.50,92.00,93.40,13029500,21.66
2007-09-20,93.55,94.90,92.72,94.60,17704100,21.93
2007-09-19,95.10,95.88,91.84,93.00,11071200,21.56
2007-09-18,98.56,98.56,93.78,95.10,11568800,22.05
2007-09-17,101.05,102.00,97.63,98.75,9531200,22.90
2007-09-14,97.20,102.70,97.00,100.97,10950500,23.41
2007-09-13,93.20,96.60,92.02,96.40,9249100,22.35
2007-09-12,92.06,94.50,90.00,93.39,7816000,21.65
2007-09-11,98.17,99.58,92.01,92.15,10178500,21.37
2007-09-10,94.00,98.88,93.60,98.07,7010300,22.74
2007-09-07,96.50,97.45,94.01,94.68,11885100,21.95
2007-09-06,99.49,99.78,97.00,97.48,8285100,22.60
2007-09-05,96.95,99.79,96.50,98.18,6956400,22.76
2007-09-04,103.00,103.40,97.01,97.40,20181100,22.58
2007-09-03,105.30,109.30,103.05,103.40,12521700,23.97
2007-08-31,100.30,107.50,98.30,105.50,14057300,24.46
2007-08-30,97.07,101.50,95.03,100.00,13371500,23.19
2007-08-29,99.50,102.18,96.66,96.70,18562200,22.30
2007-08-28,97.35,99.99,94.08,96.99,13128800,22.37
2007-08-27,99.90,101.50,95.81,97.00,11652500,22.37
2007-08-24,91.22,98.70,91.22,98.70,14988600,22.77
2007-08-23,88.30,90.50,86.51,90.00,14197900,20.76
2007-08-22,86.48,86.48,86.48,86.48,000,19.95
2007-08-21,86.10,88.88,84.68,86.48,12167600,19.95
2007-08-20,85.55,87.10,84.50,86.11,6780500,19.86
2007-08-17,84.00,86.00,83.50,83.50,7485400,19.26
2007-08-16,87.15,87.15,83.81,85.02,8528500,19.61
2007-08-15,87.73,90.31,86.00,87.10,5174500,20.09
2007-08-14,87.06,88.48,85.98,87.69,4581900,20.23
2007-08-13,90.00,90.98,86.88,87.02,9645700,20.07
2007-08-10,92.40,92.40,87.60,91.30,9572100,21.06
2007-08-09,86.00,94.20,85.02,91.70,12654500,21.15
2007-08-08,84.49,87.20,83.00,86.00,15394700,19.84
2007-08-07,83.85,87.90,82.50,86.21,13856100,19.88
2007-08-06,82.11,85.99,82.11,83.82,11683300,19.33
2007-08-03,79.88,82.27,78.51,81.81,17581000,18.87
2007-08-02,79.60,82.10,77.55,78.48,16088500,18.10
2007-08-01,82.99,83.50,79.00,79.02,9617600,18.23
2007-07-31,80.30,82.88,80.30,82.69,9615300,19.07
2007-07-30,78.55,80.98,78.55,80.20,10583600,18.50
2007-07-27,78.68,79.99,78.00,78.90,10714800,18.20
2007-07-26,79.90,80.40,78.20,78.70,9713500,18.15
2007-07-25,80.98,81.00,77.92,79.91,14033100,18.43
2007-07-24,80.98,80.98,79.48,80.30,12754100,18.52
2007-07-23,80.70,82.88,79.98,79.98,13659100,18.45
2007-07-20,77.50,80.00,77.40,79.50,6004200,18.34
2007-07-19,76.89,78.00,76.22,77.40,1338100,17.85
2007-07-18,74.99,78.08,74.99,77.59,5336400,17.90
2007-07-17,74.60,75.60,74.60,75.11,2809600,17.32
2007-07-16,76.20,78.08,75.00,75.10,2331500,17.32
2007-07-13,75.20,77.55,74.60,76.05,2746200,17.54
2007-07-12,75.79,76.59,75.01,75.27,1579000,17.36
2007-07-11,76.75,76.77,75.24,76.00,4606800,17.53
2007-07-10,78.50,79.00,76.00,76.70,4417200,17.69
2007-07-09,77.77,79.12,77.76,78.50,3097600,18.11
2007-07-06,78.00,78.38,74.01,77.81,4058100,17.95
2007-07-05,77.65,79.50,77.00,77.60,6453800,17.90
2007-07-04,78.00,80.00,78.00,78.76,3744600,18.17
2007-07-03,77.88,80.18,77.58,79.50,5233200,18.34
2007-07-02,78.50,79.50,76.01,77.86,4729000,17.96
2007-06-29,78.50,78.50,78.50,78.50,000,18.11
2007-06-28,83.15,84.00,78.50,78.50,4918500,18.11
2007-06-27,80.00,85.00,78.60,83.01,9933600,19.15
2007-06-26,76.35,80.00,76.00,78.51,3611100,18.11
2007-06-25,80.42,81.90,76.52,78.10,7128700,18.01
2007-06-22,85.50,85.55,78.88,80.40,8098400,18.54
2007-06-21,84.01,87.00,84.00,85.85,7411300,19.80
2007-06-20,83.79,86.89,83.60,84.40,7969400,19.47
2007-06-19,86.50,87.00,83.90,84.40,9386200,19.47
2007-06-18,87.22,89.00,85.97,86.50,7995100,19.95
2007-06-15,83.50,91.50,83.50,87.00,11676700,20.07
2007-06-14,85.97,85.97,85.97,85.97,000,19.83
2007-06-13,84.00,86.50,83.50,85.97,9706500,19.83
2007-06-12,83.00,85.11,80.38,84.50,11670100,19.49
2007-06-11,77.00,83.75,76.53,83.00,10378900,19.14
2007-06-08,77.78,77.99,75.51,77.40,9207300,17.85
2007-06-07,73.10,77.89,73.01,77.74,14678200,17.93
2007-06-06,71.00,75.20,68.98,73.73,18844900,17.01
2007-06-05,69.02,72.00,64.31,71.50,19265800,16.49
2007-06-04,74.35,75.00,68.88,70.20,14330600,16.19
2007-06-01,74.50,77.30,73.02,74.35,13426100,17.15
2007-05-31,74.00,77.89,68.88,74.80,18497800,17.25
2007-05-30,68.60,78.39,68.60,74.00,28272000,17.07
2007-05-29,66.00,72.71,66.00,72.71,18068000,16.77
2007-05-28,64.22,66.90,64.22,66.10,11375400,15.25
2007-05-25,62.78,64.80,62.10,64.19,13855300,14.81
2007-05-24,63.85,64.10,62.00,63.00,8730700,14.53
2007-05-23,61.41,65.60,60.60,63.80,18303800,14.72
2007-05-22,61.99,62.30,61.30,61.40,15123600,14.16
2007-05-21,59.80,62.51,59.80,61.80,11901300,14.25
2007-05-18,63.53,63.53,62.00,62.00,12958800,14.30
2007-05-17,61.70,63.18,61.00,63.17,14426000,14.57
2007-05-16,58.20,61.79,58.18,61.10,14553200,14.09
2007-05-15,60.41,60.50,58.00,58.31,13676100,13.45
2007-05-14,59.35,61.35,58.80,60.41,16227500,13.93
2007-05-11,61.90,61.90,59.70,60.65,15080800,13.99
2007-05-10,61.50,64.48,61.01,62.49,18324500,14.41
2007-05-09,63.32,63.88,59.60,62.00,36027800,14.30
2007-05-08,66.60,68.00,62.88,64.00,33138700,14.76
2007-04-30,70.00,71.00,62.88,64.93,79631900,14.98
